Box 72.205 72.205 72.205 90.000 90.000 90.000 
sphere 71.705 36.396 35.723 33.583 1 
sphere 36.118 71.712 36.042 33.135 1 
sphere 72.031 0.194 0.099 33.566 1 
sphere 36.205 36.228 1.008 33.200 1 
sphere 54.376 54.266 54.199 16.440 2 
sphere 53.944 18.152 18.391 15.756 2 
sphere 17.931 54.075 54.462 15.460 2 
sphere 53.437 18.282 54.114 15.678 2 
sphere 53.965 53.993 18.198 16.475 2 
sphere 17.878 17.978 54.049 15.890 2 
sphere 17.970 54.242 18.307 15.871 2 
sphere 18.068 18.563 18.081 16.224 2 
sphere 36.260 36.139 36.308 14.291 3 
sphere 69.816 71.265 35.962 14.680 3 
sphere 70.959 36.130 0.457 14.385 3 
sphere 35.873 71.131 1.440 14.125 3 
