Cell info:
========================================================================
number-of-unit-cells: 2 2 2
unit-cell-vector-a:    26.343000000000     0.000000000000     0.000000000000
unit-cell-vector-b:     0.000000000000    26.343000000000     0.000000000000
unit-cell-vector-c:     0.000000000000     0.000000000000    26.343000000000

cell-vector-a:    52.686000000000     0.000000000000     0.000000000000
cell-vector-b:     0.000000000000    52.686000000000     0.000000000000
cell-vector-c:     0.000000000000     0.000000000000    52.686000000000

cell-lengths:    26.343000000000    26.343000000000    26.343000000000
cell-angles:    90.000000000000    90.000000000000    90.000000000000


Maximum changes for MC-moves:
========================================================================
Maximum-volume-change: 0.000500
Maximum-Gibbs-volume-change: 0.001563
Maximum-box-shape-change: 0.100000 0.100000 0.100000, 0.100000 0.100000 0.100000, 0.100000 0.100000 0.100000


Acceptance targets for MC-moves:
========================================================================
Target-volume-change: 0.500000
Target-box-shape-change: 0.500000
Target-Gibbs-volume-change: 0.500000


Components: 1 (Adsorbates 208, Cations 0)
========================================================================
Component 0 (argon)
	Fractional-molecule-id component 0: -1
	Lambda-factors component 0:  0.000000
	Number-of-biasing-factors component 0: 21
	Biasing-factors component 0:  0.000000 0.000000 0.000000 0.000000 0.000000 0.000000 0.000000 0.000000 0.000000 0.000000 0.000000 0.000000 0.000000 0.000000 0.000000 0.000000 0.000000 0.000000 0.000000 0.000000 0.000000
	Maximum-CF-Lambda-change component 0: 0.500000
	Maximum-CBCF-Lambda-change component 0: 0.500000

	Maximum-translation-change component 0: 0.349913,0.356571,0.354992
	Maximum-translation-in-plane-change component 0: 0.000000,0.000000,0.000000
	Maximum-rotation-change component 0: 0.017453 0.017453 0.017453

Reactions: 0

Component: 0     Adsorbate    208 molecules of argon NTotal (Gauge + Pore) = 0 
------------------------------------------------------------------------
Adsorbate-atom-position: 0 0    22.126092281971    43.925162042083    43.930307616139
Adsorbate-atom-position: 1 0     6.188036424113    45.422998286359    19.196348190183
Adsorbate-atom-position: 2 0    35.414419603671     3.858153654257     8.930416535050
Adsorbate-atom-position: 3 0     4.089294615421     4.463577333606    30.727016690171
Adsorbate-atom-position: 4 0     8.641945477532     9.074060160683     3.967925268384
Adsorbate-atom-position: 5 0     3.580568093891    48.580701120418     3.873525596721
Adsorbate-atom-position: 6 0    32.917332083414    33.212445984872    33.577926125518
Adsorbate-atom-position: 7 0    21.611271712928    21.771862644009     4.562696867028
Adsorbate-atom-position: 8 0    32.451178214051    19.873449711778    32.161066963982
Adsorbate-atom-position: 9 0     4.981680519511     5.309299002366    21.205027430102
Adsorbate-atom-position: 10 0     6.844339754111     7.334392011287    46.783662079850
Adsorbate-atom-position: 11 0     6.158758840141    19.820376344013    32.520960757967
Adsorbate-atom-position: 12 0    21.850086885201    21.824471227914    30.638807772533
Adsorbate-atom-position: 13 0    47.738128023193    21.849106973146    31.045554584178
Adsorbate-atom-position: 14 0    22.008734021098    35.064187608994    35.341973357710
Adsorbate-atom-position: 15 0    45.826968632125    32.963902401796    32.014452705459
Adsorbate-atom-position: 16 0    21.383540720719     5.253770345744    21.197978357664
Adsorbate-atom-position: 17 0    21.669012190371     4.687266296322    47.960618872117
Adsorbate-atom-position: 18 0    17.529695158793    35.366193433366    30.580307719577
Adsorbate-atom-position: 19 0     8.529861768925    17.608569752896     4.841813541727
Adsorbate-atom-position: 20 0    30.612103171003     4.513795718739    48.578863990446
Adsorbate-atom-position: 21 0    47.860841855561     4.524161538658     4.952400642143
Adsorbate-atom-position: 22 0     7.214678787195    45.296155116258     6.062268958246
Adsorbate-atom-position: 23 0    17.724721308642    17.202875161207     4.371255966915
Adsorbate-atom-position: 24 0    48.552784396127    17.766003351626     8.628419089155
Adsorbate-atom-position: 25 0     8.465508777818     4.545478085005    35.396010647424
Adsorbate-atom-position: 26 0    47.945982519392    21.568506906658    21.417646188562
Adsorbate-atom-position: 27 0     4.664700265478     8.906336806562     8.845381919733
Adsorbate-atom-position: 28 0    17.028612846872     4.274099694418    35.837845310383
Adsorbate-atom-position: 29 0    18.537385491828    34.158180941046    47.688811882880
Adsorbate-atom-position: 30 0     8.869364039100    48.027619093216     8.790217621629
Adsorbate-atom-position: 31 0    44.394696751821    44.312606796098     5.020686165531
Adsorbate-atom-position: 32 0    44.341856928345    31.429087540624    18.161746071954
Adsorbate-atom-position: 33 0    44.536685065132    21.339755340400     8.242229465968
Adsorbate-atom-position: 34 0    35.081188395331    35.543506758457     4.604289188650
Adsorbate-atom-position: 35 0    47.648960204520     8.177473028077     8.277608938961
Adsorbate-atom-position: 36 0    34.503333730644    34.226215327967    20.907405492730
Adsorbate-atom-position: 37 0    26.148699588117    17.764590327890    50.940170818410
Adsorbate-atom-position: 38 0    30.670458572538    48.462730632758     4.320394974718
Adsorbate-atom-position: 39 0    18.813613127899     6.175202336791    18.719273720901
Adsorbate-atom-position: 40 0     8.538374366325    30.814910987846    43.796180355652
Adsorbate-atom-position: 41 0    17.506464455107    48.279776724166    17.571035408560
Adsorbate-atom-position: 42 0    32.957754099587     6.426827309867    18.944296976410
Adsorbate-atom-position: 43 0    46.331033537608    45.867702847719    32.097117035670
Adsorbate-atom-position: 44 0     8.747468701564    48.257573858517    35.143147406333
Adsorbate-atom-position: 45 0    19.115209273516    45.227112569062    46.917493384599
Adsorbate-atom-position: 46 0    18.339490628480    18.253668614711    47.824062409785
Adsorbate-atom-position: 47 0    17.347649841406     8.802165313841    22.079994769796
Adsorbate-atom-position: 48 0     8.930671453861    35.570973982096    48.627572287750
Adsorbate-atom-position: 49 0    44.572099207822    31.097374433576    34.966737374565
Adsorbate-atom-position: 50 0     4.676333009332     4.749470146988    47.863418949416
Adsorbate-atom-position: 51 0    46.235894792977    33.859883361276    19.988005106886
Adsorbate-atom-position: 52 0    35.401417144256    43.618090074214    21.872906511991
Adsorbate-atom-position: 53 0    43.312434303848    35.186170716200    29.972258693398
Adsorbate-atom-position: 54 0    16.777567307313    42.635288234393     4.139106549193
Adsorbate-atom-position: 55 0     5.539112241053     7.860155219940    18.694246060545
Adsorbate-atom-position: 56 0    35.915795456777    17.414499605722    48.716740576182
Adsorbate-atom-position: 57 0    46.378460054725    32.512008787695     6.263230851886
Adsorbate-atom-position: 58 0     8.921799150871     4.703265637104    43.930179762975
Adsorbate-atom-position: 59 0    30.146532273793    29.905328094000    30.888669464107
Adsorbate-atom-position: 60 0    45.033394680931     7.572577190194     5.856333571035
Adsorbate-atom-position: 61 0    26.219117687816     4.600958888951    37.380248868384
Adsorbate-atom-position: 62 0     7.586164891123    32.893735453515     6.271544626278
Adsorbate-atom-position: 63 0    43.424580057213    35.451711178385    49.092805858788
Adsorbate-atom-position: 64 0    20.538472151996    19.111607601814     6.903330025308
Adsorbate-atom-position: 65 0     4.274009005044    22.054011423949    21.555157533940
Adsorbate-atom-position: 66 0    31.063445050891    17.716103266412    35.132456031449
Adsorbate-atom-position: 67 0    45.907419903814    19.041362039807     6.098636054563
Adsorbate-atom-position: 68 0     4.550300479675    48.098252984051    21.748186285210
Adsorbate-atom-position: 69 0    26.796280077153    37.755057084671    32.370680453485
Adsorbate-atom-position: 70 0     8.711827336075    -0.153809790581     1.994844439518
Adsorbate-atom-position: 71 0     6.992761977690    33.388563519703    46.180813148488
Adsorbate-atom-position: 72 0    19.879457125675     6.049218165438    33.764755500209
Adsorbate-atom-position: 73 0    17.154332819747     4.164515282124     9.095050440221
Adsorbate-atom-position: 74 0    31.946675385916     6.767109663736    33.201572202515
Adsorbate-atom-position: 75 0    47.895053304779    30.789799244700    21.736326546407
Adsorbate-atom-position: 76 0    17.881457366935    47.634876604845    44.432549885244
Adsorbate-atom-position: 77 0    21.602469788787    48.356901230200    21.741775877779
Adsorbate-atom-position: 78 0     5.852752578809    45.349242526870    46.012971794100
Adsorbate-atom-position: 79 0     5.535871483203    32.424210068600    32.006844965763
Adsorbate-atom-position: 80 0    17.335280363535    35.128475595315    21.744602367709
Adsorbate-atom-position: 81 0    20.593528631639    33.668166959086     7.236929906636
Adsorbate-atom-position: 82 0    43.868316394862     8.581119635498    30.676480862273
Adsorbate-atom-position: 83 0    19.737705947495    32.782690386016    18.815050993135
Adsorbate-atom-position: 84 0     5.980755761379    33.210626130978    19.788545979488
Adsorbate-atom-position: 85 0    30.837423603979    17.927766951740     8.343390116528
Adsorbate-atom-position: 86 0    35.431256610026    35.078638295653    48.471329649404
Adsorbate-atom-position: 87 0    21.813544420560    17.738070937191    35.044826115740
Adsorbate-atom-position: 88 0    44.100584234589    21.858029986414    43.916805689266
Adsorbate-atom-position: 89 0    43.769857855311     4.087931205531    17.570589106669
Adsorbate-atom-position: 90 0    21.887986633161    31.022139840416    21.676375798920
Adsorbate-atom-position: 91 0     6.392715581479    46.956388011939    32.595120838724
Adsorbate-atom-position: 92 0    17.050313386835    22.332463108865    35.361272771633
Adsorbate-atom-position: 93 0    25.697669065106    50.734253163072    17.224997906782
Adsorbate-atom-position: 94 0    18.021459768483    21.544319884568     8.525748421181
Adsorbate-atom-position: 95 0     7.773340397878     5.412266512423    18.688696765722
Adsorbate-atom-position: 96 0    21.449320644252    34.629144787699    44.618087260194
Adsorbate-atom-position: 97 0    17.752916092109    35.012730844635     4.693415929601
Adsorbate-atom-position: 98 0    18.108021009872     8.605473859355     4.715434680604
Adsorbate-atom-position: 99 0    19.627089329800     6.393083972413     6.639000193687
Adsorbate-atom-position: 100 0    31.433044370923    34.555358641294    44.198508889195
Adsorbate-atom-position: 101 0    45.494071822823    47.179488703588     7.239067486786
Adsorbate-atom-position: 102 0    31.161118155424     4.545924384473    21.490914152842
Adsorbate-atom-position: 103 0     6.787610450231    19.210143191909    20.081689758115
Adsorbate-atom-position: 104 0     8.697094450300    48.447417429768    17.549074900132
Adsorbate-atom-position: 105 0    30.588163775337    44.047289880912    43.829945302787
Adsorbate-atom-position: 106 0    19.899588105171    45.803639107835    32.986123766391
Adsorbate-atom-position: 107 0    19.843522452906    32.119488491182    32.976796830886
Adsorbate-atom-position: 108 0     4.061999319897    22.175646021137     3.955370377061
Adsorbate-atom-position: 109 0    33.068857289736    19.036351669021    45.764088794085
Adsorbate-atom-position: 110 0    18.090855748797    17.995721107735    31.472441088585
Adsorbate-atom-position: 111 0    18.139973388012    31.321893337404     8.127754556348
Adsorbate-atom-position: 112 0    17.045395548273    30.407584276375    43.448554654137
Adsorbate-atom-position: 113 0    19.430244379163    20.723996162441    33.605262661673
Adsorbate-atom-position: 114 0    21.219249791672    31.672573513852    47.355546058982
Adsorbate-atom-position: 115 0    31.009038448922     9.038486468978    17.571938524207
Adsorbate-atom-position: 116 0    32.280638568249    45.266762245895    18.971931118877
Adsorbate-atom-position: 117 0    44.054305127089    17.635877727716    21.807740005942
Adsorbate-atom-position: 118 0    35.214451546979     9.002664797570    21.931609505413
Adsorbate-atom-position: 119 0     8.503870798296     4.245441660857     8.916495530885
Adsorbate-atom-position: 120 0    31.306571701403    47.911267051415    47.846767909276
Adsorbate-atom-position: 121 0    31.605444245933    20.592506916162    20.611858003720
Adsorbate-atom-position: 122 0    46.452082615299    19.162141276548    45.805620867197
Adsorbate-atom-position: 123 0     8.689571332464    17.494220881812    48.519110909620
Adsorbate-atom-position: 124 0    21.421174184492    31.126866100599     4.770067391131
Adsorbate-atom-position: 125 0    44.538009921568    44.737607729520    21.246891655461
Adsorbate-atom-position: 126 0    17.483817766903    21.938083690601    44.067210065514
Adsorbate-atom-position: 127 0    35.069226355053    17.323376960626    30.245026391155
Adsorbate-atom-position: 128 0    34.817240781680    44.360870053522     4.258082917777
Adsorbate-atom-position: 129 0    47.810753237022    47.991566516811     4.643133705702
Adsorbate-atom-position: 130 0     8.189705576345     8.149617364379    21.517883875502
Adsorbate-atom-position: 131 0    17.090700947606    30.951048513285    17.325678753705
Adsorbate-atom-position: 132 0    43.653172020294    35.005686394613    21.817084512094
Adsorbate-atom-position: 133 0    46.747243477420    32.516332401241    46.763864462089
Adsorbate-atom-position: 134 0    48.370475950437     8.496735589029    17.787873160119
Adsorbate-atom-position: 135 0    45.623387350761    20.423675092069    18.933046702272
Adsorbate-atom-position: 136 0    30.996649057843    21.656587956979    48.539355777798
Adsorbate-atom-position: 137 0    35.351994675953    30.683347753560    34.971877936790
Adsorbate-atom-position: 138 0    35.444491677785     3.726622549080    17.527281801774
Adsorbate-atom-position: 139 0    22.403596416686    43.836015802743    35.268573550949
Adsorbate-atom-position: 140 0    30.899218837155    47.956374691441    30.724932480115
Adsorbate-atom-position: 141 0    20.237439465385    45.635623769328    19.423325867291
Adsorbate-atom-position: 142 0    31.974638363624    31.905474723883    20.596148517522
Adsorbate-atom-position: 143 0    21.653801755514    22.028805844076    21.716202447563
Adsorbate-atom-position: 144 0    34.086878191694     7.064979000197     6.348904556794
Adsorbate-atom-position: 145 0    21.481230341002    47.707298367970     4.541671378585
Adsorbate-atom-position: 146 0    35.346827747059     4.089801203977    35.296708888934
Adsorbate-atom-position: 147 0    46.534454188955    46.853566682024    46.904545990229
Adsorbate-atom-position: 148 0     9.126243480431    48.087520007086    43.564370868114
Adsorbate-atom-position: 149 0    22.181301701276    35.547614031665    17.390593114927
Adsorbate-atom-position: 150 0    19.105452165058    46.447822053928     7.078046561559
Adsorbate-atom-position: 151 0     6.841432106185     6.885893278718    32.214377447471
Adsorbate-atom-position: 152 0    20.785596881339    20.895511798193    47.208909358213
Adsorbate-atom-position: 153 0     4.533570301026     4.505833049173     4.317619630804
Adsorbate-atom-position: 154 0    34.886441322940    30.963896429301     8.822037969597
Adsorbate-atom-position: 155 0    49.060839911724    29.113633573116    49.755516497077
Adsorbate-atom-position: 156 0    19.841017180534    19.253661907838    19.478160938140
Adsorbate-atom-position: 157 0     5.984915000713    19.982655572921     6.206853039929
Adsorbate-atom-position: 158 0    32.538281222278     6.361811107001    45.928565099727
Adsorbate-atom-position: 159 0    48.284551187389    44.460309556525    44.509215626654
Adsorbate-atom-position: 160 0    45.143169774438     6.428264466161    19.919181369130
Adsorbate-atom-position: 161 0    48.302991466375    43.520741807109    35.093273786117
Adsorbate-atom-position: 162 0    13.021001539163    10.662262569623    16.636631587271
Adsorbate-atom-position: 163 0    48.281477821297     4.323094816154    48.231673320539
Adsorbate-atom-position: 164 0    46.564350980498     6.543973918687    32.866088018408
Adsorbate-atom-position: 165 0    45.808746360034    14.677247967010    39.494086216212
Adsorbate-atom-position: 166 0    34.998315027768    31.023120070830    17.936710592098
Adsorbate-atom-position: 167 0     4.806749001622    44.191222126979    34.665190281871
Adsorbate-atom-position: 168 0    32.745070393672    19.930163947698     5.962550277964
Adsorbate-atom-position: 169 0    34.824422777694    17.644717435994    22.058923046424
Adsorbate-atom-position: 170 0    47.027900273526    44.954422133637    18.775992961798
Adsorbate-atom-position: 171 0    17.640025773001    48.134306506403    34.748271315057
Adsorbate-atom-position: 172 0     8.353045528886    31.261522768584    34.528591652390
Adsorbate-atom-position: 173 0    34.993213130914    48.273264438630    34.749464531282
Adsorbate-atom-position: 174 0     4.587644501935    17.692736051756     8.727877566955
Adsorbate-atom-position: 175 0    19.995734312210     6.926052308196    45.600851064901
Adsorbate-atom-position: 176 0    49.539908997887    17.352765068592    35.513410712704
Adsorbate-atom-position: 177 0     6.686414112555     6.389486100950     6.465767427831
Adsorbate-atom-position: 178 0     6.999542182520    20.018026416127    46.574603856731
Adsorbate-atom-position: 179 0     4.189020079669    31.092938135154    21.816948428649
Adsorbate-atom-position: 180 0    33.541147955842    46.321589456206    45.723371995880
Adsorbate-atom-position: 181 0    32.620626642702    46.271746443136     6.437317687110
Adsorbate-atom-position: 182 0    32.481791888590    32.575853606517     6.176580761751
Adsorbate-atom-position: 183 0    44.311311393531     4.333717285697    44.141104183298
Adsorbate-atom-position: 184 0    46.781588258336    19.147772783841    32.926776538336
Adsorbate-atom-position: 185 0     4.437050249462     8.489078678811    34.875952027965
Adsorbate-atom-position: 186 0    33.135154253044    45.283297284240    32.735289558168
Adsorbate-atom-position: 187 0    46.629420586087     7.136413659029    45.954564041004
Adsorbate-atom-position: 188 0    48.165662513659    21.880496048542     4.443285866536
Adsorbate-atom-position: 189 0     9.113832902414    21.888378341477    43.692051219872
Adsorbate-atom-position: 190 0    17.567409259900    22.030760770791    17.794638295094
Adsorbate-atom-position: 191 0    48.203318207898    48.432032697304    30.753880557222
Adsorbate-atom-position: 192 0     8.466240323752    22.083461936688    35.028468357430
Adsorbate-atom-position: 193 0     4.791273261204     8.238584319679    44.101581313878
Adsorbate-atom-position: 194 0    33.252307488475    32.446387267541    46.436262187163
Adsorbate-atom-position: 195 0    48.559049554023    35.672025346826    17.191170563132
Adsorbate-atom-position: 196 0    30.924577426408    17.422997679410    17.459025269532
Adsorbate-atom-position: 197 0    21.326663518536    18.154078806369    44.523165701374
Adsorbate-atom-position: 198 0     4.328245712383    48.234376185030    48.150233995857
Adsorbate-atom-position: 199 0    21.954951396696     4.231381667063    30.238669510487
Adsorbate-atom-position: 200 0     9.234800060782    30.682726197571    16.807154913330
Adsorbate-atom-position: 201 0     4.276025231934    22.390053460796    48.848342564466
Adsorbate-atom-position: 202 0    22.225675607888    52.540127006608    10.896821732068
Adsorbate-atom-position: 203 0     4.368841086152    44.134758668050     8.631360731241
Adsorbate-atom-position: 204 0     3.933019657420    35.439241638033     8.689704717583
Adsorbate-atom-position: 205 0    30.207210190615    51.908102466737    48.944302132597
Adsorbate-atom-position: 206 0    30.564902729443    42.430559659126    17.009212275531
Adsorbate-atom-position: 207 0    35.366324922853    43.866775125531    48.415367229558
Adsorbate-atom-velocity: 0 0    -1.688210818989     0.875380298381     1.480744140265
Adsorbate-atom-velocity: 1 0     1.175501781062     0.255036747235     1.753651990541
Adsorbate-atom-velocity: 2 0    -0.509920345346    -0.800939524424    -1.436475850553
Adsorbate-atom-velocity: 3 0     0.429549611416     0.583042795233     0.613877040751
Adsorbate-atom-velocity: 4 0     1.020062511110     0.103843679007    -0.201466195418
Adsorbate-atom-velocity: 5 0    -0.640077408121    -1.301585127134    -1.058821652760
Adsorbate-atom-velocity: 6 0    -0.868376760774    -1.398977498786    -0.018476980185
Adsorbate-atom-velocity: 7 0     1.375915424065     0.378097091836     1.199073517983
Adsorbate-atom-velocity: 8 0    -0.945390575458    -0.457743939198     0.598345234731
Adsorbate-atom-velocity: 9 0    -3.011461543331    -0.785311434812     1.841608325019
Adsorbate-atom-velocity: 10 0     0.369281720006     0.806287450310     0.228587948927
Adsorbate-atom-velocity: 11 0     0.239050602267    -0.852074769421     1.389850339155
Adsorbate-atom-velocity: 12 0     2.325799161631    -0.301856378731     0.106303457089
Adsorbate-atom-velocity: 13 0     0.334563473917    -3.423925757044     0.196130069412
Adsorbate-atom-velocity: 14 0    -0.721268439305     0.485350149668     0.469949680862
Adsorbate-atom-velocity: 15 0     0.796597783084    -2.370754011756    -1.268537865314
Adsorbate-atom-velocity: 16 0     0.152019125680     1.008786460604     0.276873193726
Adsorbate-atom-velocity: 17 0    -1.072227737642     0.938630654134    -0.414246461203
Adsorbate-atom-velocity: 18 0    -0.219885974382    -1.325149334308     1.095555461743
Adsorbate-atom-velocity: 19 0     0.849359185555    -0.512526518687     1.059323493647
Adsorbate-atom-velocity: 20 0    -3.053419854996    -1.012769731167    -2.145856084610
Adsorbate-atom-velocity: 21 0     0.584414486950     0.143968136528     0.597673837914
Adsorbate-atom-velocity: 22 0     1.263994708198     3.911412473206     1.126263261394
Adsorbate-atom-velocity: 23 0    -0.864003540170     1.372410082609     0.665447697984
Adsorbate-atom-velocity: 24 0     1.525296951141    -2.215558647781     0.463806494329
Adsorbate-atom-velocity: 25 0     0.264443668786    -1.870610928573    -0.523141402899
Adsorbate-atom-velocity: 26 0    -0.203990223409     0.197242892645    -2.307253666368
Adsorbate-atom-velocity: 27 0     0.685725083539     0.070396475921    -1.261971339362
Adsorbate-atom-velocity: 28 0    -0.975367448667    -1.544335409352    -0.224926772215
Adsorbate-atom-velocity: 29 0    -1.256642490007     0.996413793533     3.143609364254
Adsorbate-atom-velocity: 30 0    -0.523537546643    -0.738330260571     2.507575594301
Adsorbate-atom-velocity: 31 0    -0.504038774508    -3.118098646372     1.072941784327
Adsorbate-atom-velocity: 32 0    -0.522208843757     0.025988261224    -1.110678444311
Adsorbate-atom-velocity: 33 0    -1.345993532936     0.152043459018    -0.358294918172
Adsorbate-atom-velocity: 34 0    -2.013634130796     0.269639288982     1.958820804284
Adsorbate-atom-velocity: 35 0     0.285257497538    -0.839980402409    -0.484100863902
Adsorbate-atom-velocity: 36 0    -0.671479933328    -1.345658167655     0.436484651715
Adsorbate-atom-velocity: 37 0    -0.033141121837    -0.518479397176     1.836804451095
Adsorbate-atom-velocity: 38 0     0.048775067449    -0.378992714556     2.187665557577
Adsorbate-atom-velocity: 39 0     2.034873626973    -0.809919850524     2.237082676395
Adsorbate-atom-velocity: 40 0     0.243927406032     0.384197299779     0.460365611636
Adsorbate-atom-velocity: 41 0    -0.183601240104     0.729647810587     0.946379142218
Adsorbate-atom-velocity: 42 0     0.043987467260    -0.238300992775    -1.204425942002
Adsorbate-atom-velocity: 43 0     2.659645247139     2.766933751400    -0.111373046795
Adsorbate-atom-velocity: 44 0    -0.057390569508    -1.018762877448     0.844395881639
Adsorbate-atom-velocity: 45 0     0.772237810219    -1.754051675521     1.406658173494
Adsorbate-atom-velocity: 46 0     2.991261158202    -1.522581576911    -2.010684461053
Adsorbate-atom-velocity: 47 0    -0.210766341414    -1.392103851538     2.336671298367
Adsorbate-atom-velocity: 48 0     0.332063419420    -2.297136668687    -1.318414657528
Adsorbate-atom-velocity: 49 0    -0.189025052453     0.238483478749    -1.720523460337
Adsorbate-atom-velocity: 50 0     0.821724246455     1.516417777816     0.202374659630
Adsorbate-atom-velocity: 51 0     0.826512297016     1.670357555292     0.938576535412
Adsorbate-atom-velocity: 52 0    -2.107223401845    -1.996797036238    -0.786639691071
Adsorbate-atom-velocity: 53 0     0.938611995774    -0.091944079539     2.021590340963
Adsorbate-atom-velocity: 54 0     1.577595692266    -0.370498296645    -2.525214862613
Adsorbate-atom-velocity: 55 0    -0.393911118531     0.440698262011    -0.347561474949
Adsorbate-atom-velocity: 56 0     1.753300191272     0.486512323230     0.276510877023
Adsorbate-atom-velocity: 57 0    -1.210537032503    -1.414121817662     0.021554043916
Adsorbate-atom-velocity: 58 0     0.821157735880     0.309613003632     0.658943222342
Adsorbate-atom-velocity: 59 0     0.202021984450    -1.009466950594     1.108949818890
Adsorbate-atom-velocity: 60 0     1.590886022405    -1.670981583982     1.011928265669
Adsorbate-atom-velocity: 61 0     2.080174940882     1.891178777325     0.108814569968
Adsorbate-atom-velocity: 62 0     0.498469261548     0.808173131758    -0.809336622471
Adsorbate-atom-velocity: 63 0    -1.485084922601    -0.428287462862     0.052132825789
Adsorbate-atom-velocity: 64 0    -1.283446445647    -0.316422242900    -0.607196532403
Adsorbate-atom-velocity: 65 0     0.025840932660    -1.436243078960    -1.344171524466
Adsorbate-atom-velocity: 66 0    -0.474275982637    -0.322905949251    -1.260748562068
Adsorbate-atom-velocity: 67 0    -1.266273438612     0.518731735925     0.323178675532
Adsorbate-atom-velocity: 68 0    -1.734036542182    -0.081610763405     1.030019142021
Adsorbate-atom-velocity: 69 0     0.920876897863    -0.825356095795     0.751307357073
Adsorbate-atom-velocity: 70 0     1.022316013438     1.530983325994    -0.207685938374
Adsorbate-atom-velocity: 71 0     1.738344881369     0.901735055530    -3.321245017240
Adsorbate-atom-velocity: 72 0     0.335964624624     2.300261953022    -1.049800066978
Adsorbate-atom-velocity: 73 0    -0.877617633582    -0.430496992027     1.893148345357
Adsorbate-atom-velocity: 74 0     0.045014592793    -1.358435764413    -0.043947028200
Adsorbate-atom-velocity: 75 0     1.714315437766    -0.318645944062     0.316543317038
Adsorbate-atom-velocity: 76 0    -0.589323097792    -1.541238978132    -0.941461944569
Adsorbate-atom-velocity: 77 0     0.793146955930    -2.295086711154    -0.542683264199
Adsorbate-atom-velocity: 78 0     1.474418749517    -0.729551078537     0.843745247759
Adsorbate-atom-velocity: 79 0     0.462719320386    -0.007153752989     0.919383446385
Adsorbate-atom-velocity: 80 0     1.902164151036    -0.928413322659    -3.306143278041
Adsorbate-atom-velocity: 81 0     0.527600346634     0.917879256700    -1.398159941119
Adsorbate-atom-velocity: 82 0    -0.053341539888    -0.468249057778     1.437559536897
Adsorbate-atom-velocity: 83 0     1.839325262249     2.873354511467    -1.238900543240
Adsorbate-atom-velocity: 84 0    -0.039195325063     0.247510304344     1.115987139431
Adsorbate-atom-velocity: 85 0     0.296610477277     2.108399655687    -0.482767675196
Adsorbate-atom-velocity: 86 0     0.882690761865     1.045008954164    -0.100663293390
Adsorbate-atom-velocity: 87 0    -1.800569160844    -1.092055763951    -1.504130720406
Adsorbate-atom-velocity: 88 0    -1.269223507866     2.226133897060     0.541033723206
Adsorbate-atom-velocity: 89 0     2.850325330852     1.350512438179     1.524321955121
Adsorbate-atom-velocity: 90 0     0.148343525177     1.194339493586    -1.738954034900
Adsorbate-atom-velocity: 91 0    -1.986842548502    -0.870390378653    -2.042375647338
Adsorbate-atom-velocity: 92 0    -1.887840590595    -0.046502943544    -0.359051400309
Adsorbate-atom-velocity: 93 0     0.381848092550     1.449212320045    -0.826443120809
Adsorbate-atom-velocity: 94 0    -1.374768392952     0.553252964747     3.202304687738
Adsorbate-atom-velocity: 95 0     0.284242341684    -1.648128999670     1.323409823755
Adsorbate-atom-velocity: 96 0    -1.227513568239    -1.617385694131     0.977461542172
Adsorbate-atom-velocity: 97 0     1.922571546903     0.644269589532     0.662316471678
Adsorbate-atom-velocity: 98 0    -3.033387386649    -1.662623772817    -3.437046525897
Adsorbate-atom-velocity: 99 0     1.247580451107    -0.783361470574    -1.168026820486
Adsorbate-atom-velocity: 100 0    -1.046650974053    -3.369512739958     1.682255071138
Adsorbate-atom-velocity: 101 0    -0.713969977070     1.037293114895     1.828753984126
Adsorbate-atom-velocity: 102 0    -0.534609453348     1.066406128922     2.037026336337
Adsorbate-atom-velocity: 103 0     1.222415115263    -2.542732726826     0.795857264754
Adsorbate-atom-velocity: 104 0    -1.788305210292    -1.953764997975    -3.243954346399
Adsorbate-atom-velocity: 105 0     1.217111644230     0.391023195285     2.625730085130
Adsorbate-atom-velocity: 106 0     2.533413619825    -1.603346140269    -1.989720562927
Adsorbate-atom-velocity: 107 0     0.521626592262    -0.238025239351    -1.166465016262
Adsorbate-atom-velocity: 108 0    -1.891897964136    -1.017517930431     1.086906834653
Adsorbate-atom-velocity: 109 0     0.245864143676     1.993261356440    -0.278896249385
Adsorbate-atom-velocity: 110 0     0.711274528055     1.059070600151     2.031006480684
Adsorbate-atom-velocity: 111 0    -0.377501646163     1.415176430562     2.215272357948
Adsorbate-atom-velocity: 112 0    -1.706763685890     0.539143434564     0.105941188161
Adsorbate-atom-velocity: 113 0     0.856871518623     0.524944204475    -1.454471758044
Adsorbate-atom-velocity: 114 0    -1.466685794111    -1.013979453478     1.302016193185
Adsorbate-atom-velocity: 115 0     1.078308064485     1.026396264740     3.035564835869
Adsorbate-atom-velocity: 116 0     0.428162468782    -1.737449625697     0.545294493017
Adsorbate-atom-velocity: 117 0    -1.313543617047    -0.079446839519     0.505915067630
Adsorbate-atom-velocity: 118 0     2.114468170306     1.152638256381     1.696030517365
Adsorbate-atom-velocity: 119 0     0.993569701387    -0.505708558632     1.401842602196
Adsorbate-atom-velocity: 120 0     2.252737110462     0.046715755059    -0.035262180008
Adsorbate-atom-velocity: 121 0     1.113961636639     0.277487899371    -0.641363610296
Adsorbate-atom-velocity: 122 0     1.707999762370     0.283247916968     1.782990817002
Adsorbate-atom-velocity: 123 0    -0.643657838567    -0.001030260800     0.110523234467
Adsorbate-atom-velocity: 124 0    -0.217118263242    -1.018768354286     1.135987036617
Adsorbate-atom-velocity: 125 0    -0.177436107746     0.754012124948    -0.524693843494
Adsorbate-atom-velocity: 126 0     1.810185436864     1.458915871373     1.269015967816
Adsorbate-atom-velocity: 127 0    -2.025303336376    -0.563681313966     0.345673215560
Adsorbate-atom-velocity: 128 0     0.167923718217     2.786442023105     0.006130130394
Adsorbate-atom-velocity: 129 0    -1.560900656080     0.782736056541    -0.221290180067
Adsorbate-atom-velocity: 130 0     0.515439596059     0.148381415716    -0.133584904926
Adsorbate-atom-velocity: 131 0     1.378483676321    -1.996288069253     1.010334853766
Adsorbate-atom-velocity: 132 0    -0.140311449772    -1.143037162621     1.714213266896
Adsorbate-atom-velocity: 133 0     0.281309351753     1.775666454071    -0.520322761839
Adsorbate-atom-velocity: 134 0     1.557264990034    -1.382193422965    -1.539069375051
Adsorbate-atom-velocity: 135 0     0.112208241598     1.365394913888    -0.126808856157
Adsorbate-atom-velocity: 136 0    -1.847614522405     1.174207278912     0.605022765602
Adsorbate-atom-velocity: 137 0     1.030180929708    -1.005498601378    -0.819881533691
Adsorbate-atom-velocity: 138 0    -2.276358750145     0.534338677769    -2.201517224044
Adsorbate-atom-velocity: 139 0     0.370240748400     0.016949825263     1.205694998530
Adsorbate-atom-velocity: 140 0    -2.626499690844     0.238991701229    -0.779005372972
Adsorbate-atom-velocity: 141 0    -1.025207846449    -0.533249826555     0.094323601911
Adsorbate-atom-velocity: 142 0     0.648849235835     1.711077034323     0.005650904578
Adsorbate-atom-velocity: 143 0     0.395566150422    -1.134563964918    -0.410747119643
Adsorbate-atom-velocity: 144 0    -0.043000585927     0.017627034604     1.704825442270
Adsorbate-atom-velocity: 145 0     1.410112301623     1.612822805492    -1.763399044802
Adsorbate-atom-velocity: 146 0     0.304652328084     0.463193788343     2.586109761878
Adsorbate-atom-velocity: 147 0     0.622328787818    -3.154220700319     0.206682000180
Adsorbate-atom-velocity: 148 0    -0.874648770360    -3.046548090223     1.019224600948
Adsorbate-atom-velocity: 149 0     0.743564483934     1.633306500059     0.482417360144
Adsorbate-atom-velocity: 150 0     0.801163958723     0.865554374022     2.185837218394
Adsorbate-atom-velocity: 151 0     1.029156868228     1.007664343739     2.476660670902
Adsorbate-atom-velocity: 152 0     0.798562244074     1.212111701359     0.811414396692
Adsorbate-atom-velocity: 153 0    -1.539233019237     0.186515918520    -0.328012632472
Adsorbate-atom-velocity: 154 0    -2.199894077156     0.344571471111     0.278447758525
Adsorbate-atom-velocity: 155 0    -0.170278306981    -0.672689147717    -0.020936695171
Adsorbate-atom-velocity: 156 0     0.793950196469    -2.023499682942     0.439055038274
Adsorbate-atom-velocity: 157 0    -1.637014934097    -0.200417018417    -1.634456783710
Adsorbate-atom-velocity: 158 0     0.888989076690     1.754392327301    -1.649599026423
Adsorbate-atom-velocity: 159 0    -1.532965801605    -3.329920174306     2.125613129376
Adsorbate-atom-velocity: 160 0    -1.979381752601    -2.148410384521     1.561694225533
Adsorbate-atom-velocity: 161 0     0.920288527395    -1.316908785524    -0.952792263456
Adsorbate-atom-velocity: 162 0    -0.126691160845     0.120500777200    -1.351530887148
Adsorbate-atom-velocity: 163 0     0.788129815884    -0.614745099735    -0.354475085799
Adsorbate-atom-velocity: 164 0     0.436481784069    -0.909458080270    -0.672546489770
Adsorbate-atom-velocity: 165 0    -1.088106439232    -0.182437361003     0.458432192381
Adsorbate-atom-velocity: 166 0     2.267212797896     0.422193385013    -1.587801252082
Adsorbate-atom-velocity: 167 0     0.460839026130     1.219884683538    -2.495521569094
Adsorbate-atom-velocity: 168 0     0.251974816452    -0.635557023514    -0.541294565513
Adsorbate-atom-velocity: 169 0    -1.032028896005    -1.886499127292     0.492753979930
Adsorbate-atom-velocity: 170 0    -1.196047318963     0.003601113461    -0.199461962974
Adsorbate-atom-velocity: 171 0     0.400160612402    -0.457495686980     0.051696891675
Adsorbate-atom-velocity: 172 0     0.060593332187    -0.369671663173    -2.353379414766
Adsorbate-atom-velocity: 173 0     0.063944265917    -0.561249710144     1.212543061891
Adsorbate-atom-velocity: 174 0     0.364275172990     1.416572850507     0.366233725757
Adsorbate-atom-velocity: 175 0    -2.037107417263    -0.871196235729    -3.832799204319
Adsorbate-atom-velocity: 176 0     1.284348128100    -0.615114907054    -0.374548090236
Adsorbate-atom-velocity: 177 0    -0.179730739986     0.513231458516    -0.035971420860
Adsorbate-atom-velocity: 178 0     0.360996875234     0.683161515633     2.207770285758
Adsorbate-atom-velocity: 179 0     1.240202183921     2.265846341035    -1.215030762357
Adsorbate-atom-velocity: 180 0     0.310385812230    -2.116251340452    -2.846223806155
Adsorbate-atom-velocity: 181 0    -1.909760770985     0.179468759378    -0.712594198772
Adsorbate-atom-velocity: 182 0    -1.695709018655     2.931152993223    -2.408842267942
Adsorbate-atom-velocity: 183 0    -2.207532132976     0.412018822534     2.379758313667
Adsorbate-atom-velocity: 184 0    -0.499496396867    -1.791121022218    -0.376468396880
Adsorbate-atom-velocity: 185 0     1.876475468610    -0.704436722950    -0.218535272706
Adsorbate-atom-velocity: 186 0    -0.658199365496     1.368332162814    -1.638964288679
Adsorbate-atom-velocity: 187 0     1.250641297888     0.943498538191     0.489748555232
Adsorbate-atom-velocity: 188 0    -1.390229850320    -1.059299341860     2.001927558830
Adsorbate-atom-velocity: 189 0     0.737744591962     0.954138452463    -0.407101723069
Adsorbate-atom-velocity: 190 0     0.524223447826    -2.062686655239     2.722193734497
Adsorbate-atom-velocity: 191 0    -0.756382874152    -1.435907576011     1.674952821675
Adsorbate-atom-velocity: 192 0    -0.354844671348     1.587157078089     1.800053452257
Adsorbate-atom-velocity: 193 0    -1.204692379644     1.254648667693     0.027847602474
Adsorbate-atom-velocity: 194 0    -0.063168014031    -1.652098993680     0.054933404964
Adsorbate-atom-velocity: 195 0     1.512244189679    -0.814493981050    -0.622009138150
Adsorbate-atom-velocity: 196 0     1.126673901957     4.692511727794    -0.325533402002
Adsorbate-atom-velocity: 197 0    -0.897728834478    -1.083313066304    -0.870486938014
Adsorbate-atom-velocity: 198 0    -3.054938413290     0.441100027994    -1.069635301982
Adsorbate-atom-velocity: 199 0    -2.455687737562    -0.375990126434    -0.225469345510
Adsorbate-atom-velocity: 200 0     1.140302480726     0.426162440156     1.134014307563
Adsorbate-atom-velocity: 201 0     0.102066723286    -0.504867444474    -0.974431635197
Adsorbate-atom-velocity: 202 0    -0.687610674926    -0.646759036799    -1.078918486226
Adsorbate-atom-velocity: 203 0    -1.244060893371     1.058693566949    -0.667497680523
Adsorbate-atom-velocity: 204 0     1.602859277842     0.910894905238    -1.625577598383
Adsorbate-atom-velocity: 205 0    -0.907364066108    -2.291126296888     0.178686602475
Adsorbate-atom-velocity: 206 0    -0.746469227256     3.111832018904     0.042257925073
Adsorbate-atom-velocity: 207 0     0.675531835095     0.691000161419     1.140341533863
Adsorbate-atom-force:    0 0  -252.162661747488    10.225999204403    15.332747033020
Adsorbate-atom-force:    1 0   -77.403634527312   152.774084726249    44.465919515915
Adsorbate-atom-force:    2 0  -138.429921756129   275.177879512299   -41.259460853229
Adsorbate-atom-force:    3 0   315.300320121024  -125.983046934560    28.964965404879
Adsorbate-atom-force:    4 0   502.470792172265  -268.960318755116   350.458713052339
Adsorbate-atom-force:    5 0   244.101405864858   -95.016311750988   176.010200862432
Adsorbate-atom-force:    6 0  -146.046123560688   -88.664468869038  -105.335187910747
Adsorbate-atom-force:    7 0   300.621784830720   -85.458375188684   112.914303132723
Adsorbate-atom-force:    8 0   214.844050903863   169.873394824131   198.535761003149
Adsorbate-atom-force:    9 0   534.136343927690  -700.638759520708  -107.545964859765
Adsorbate-atom-force:    10 0   731.120328928586  -158.063983969215   -51.670099861846
Adsorbate-atom-force:    11 0    68.094368743373   114.812864275496    72.223046315884
Adsorbate-atom-force:    12 0    -6.761250306299    63.655074998049   270.474757836600
Adsorbate-atom-force:    13 0  1169.155600160226   -68.123651512564   -68.335863709890
Adsorbate-atom-force:    14 0   -96.843141007914    89.475215951203  -257.472142100345
Adsorbate-atom-force:    15 0   181.932745427360   266.976292678940   173.361839291051
Adsorbate-atom-force:    16 0  -433.581014143439  -459.269382187078   -31.747887231309
Adsorbate-atom-force:    17 0     7.605293275723   -55.681895900840   159.440076472436
Adsorbate-atom-force:    18 0    -8.083323075841  -210.176330111587   137.373298673716
Adsorbate-atom-force:    19 0  -125.686537949921   393.092614822649  -716.159465722061
Adsorbate-atom-force:    20 0   117.142057821500  -365.902091507573  -237.245973883162
Adsorbate-atom-force:    21 0   -60.905442726772   615.349899184784  -645.905318365988
Adsorbate-atom-force:    22 0   -60.125517301394   155.978623457183   -21.140296199551
Adsorbate-atom-force:    23 0  -361.297823070251   408.323507266715    92.452979074153
Adsorbate-atom-force:    24 0  -429.393751893334  -277.089661256947   114.816909071846
Adsorbate-atom-force:    25 0   645.347951926678    25.226182156477  -570.957119076468
Adsorbate-atom-force:    26 0   -87.580413551597   -89.768786615098   546.933123235582
Adsorbate-atom-force:    27 0  -586.322405326030  -341.797648938297  -284.442299236696
Adsorbate-atom-force:    28 0   204.713429704777   -74.203760891073  -259.753669544822
Adsorbate-atom-force:    29 0  -263.725405330792   244.097457810037  -692.295161442798
Adsorbate-atom-force:    30 0  -309.773612284696   465.598150843233  -240.935654329962
Adsorbate-atom-force:    31 0   153.539228598757   316.965607929516  -460.270570654301
Adsorbate-atom-force:    32 0   302.647443692385  -540.658541689131   -29.915650265511
Adsorbate-atom-force:    33 0  -301.726248214736   418.174443687878   182.566075601292
Adsorbate-atom-force:    34 0   -13.256755214050  -538.313361679572  -555.169978531872
Adsorbate-atom-force:    35 0   316.126204888515    17.401784150066  -147.784999492395
Adsorbate-atom-force:    36 0  -282.397995300805    94.798866568550   649.899408985597
Adsorbate-atom-force:    37 0    66.618882422542    71.703112579930  -193.430154844524
Adsorbate-atom-force:    38 0   -46.014390369948   -46.267338748722   -56.892277888830
Adsorbate-atom-force:    39 0   684.886739745636  -822.099628764020   776.451255360751
Adsorbate-atom-force:    40 0   372.262075595421    76.335840435340   294.255565268072
Adsorbate-atom-force:    41 0   164.856503196164   -59.787130730448    67.540966211724
Adsorbate-atom-force:    42 0   381.490687634078   -84.843720298524   166.499298153240
Adsorbate-atom-force:    43 0  -607.112215120597   -89.064027484796   599.758010740244
Adsorbate-atom-force:    44 0    13.561227481411    -0.878222447969   -43.599854441157
Adsorbate-atom-force:    45 0   -65.411157103220    58.307715996122   -82.649581112796
Adsorbate-atom-force:    46 0  -485.633340094578   -61.793473896695  -535.148323674182
Adsorbate-atom-force:    47 0   200.112230759671   -11.310713372497  -147.704632446263
Adsorbate-atom-force:    48 0   -11.438663808475  -197.682992005996  -148.929060199095
Adsorbate-atom-force:    49 0 -1429.908619932502   421.138119848431  -655.590085125002
Adsorbate-atom-force:    50 0     2.851952968924  -178.113159433543   279.200691533590
Adsorbate-atom-force:    51 0   475.416224059056  -505.295981395291  -713.670007374449
Adsorbate-atom-force:    52 0  -247.774698270897   231.019412208816   254.620938341220
Adsorbate-atom-force:    53 0   200.903433593796   179.754284669271   271.170197194440
Adsorbate-atom-force:    54 0   126.006800494653   272.624201077545    -7.706487733377
Adsorbate-atom-force:    55 0  -796.502065943563   589.489332561913  -124.207813957540
Adsorbate-atom-force:    56 0  -318.358317890903   -45.867618992447  -165.602389834685
Adsorbate-atom-force:    57 0    32.515956738277   -12.260782459452   -22.086583202379
Adsorbate-atom-force:    58 0  -418.933012259556  -643.143189377858   249.998480112337
Adsorbate-atom-force:    59 0   167.169653456583   423.070385344604 -1009.208939887977
Adsorbate-atom-force:    60 0   267.078053949644  -364.887418962338  -495.527718129290
Adsorbate-atom-force:    61 0   179.563928729268   -90.956554459694   240.142231840593
Adsorbate-atom-force:    62 0  -481.458295057322   424.452992885410   405.012657083549
Adsorbate-atom-force:    63 0   181.088029790601  -129.982112758851  -234.455357803636
Adsorbate-atom-force:    64 0  -272.059863898402    92.181020814559   245.438775443778
Adsorbate-atom-force:    65 0   479.161268337019  -471.915312162137  1256.944783254984
Adsorbate-atom-force:    66 0  -451.621901404088   116.156728517449  -341.085601712942
Adsorbate-atom-force:    67 0   120.229341384487  -243.044305834996  -269.142722827939
Adsorbate-atom-force:    68 0    96.886248084754   -28.552509214162   -22.016893887030
Adsorbate-atom-force:    69 0  -303.920079801542   431.795426118625   -49.694809791607
Adsorbate-atom-force:    70 0   -33.888759014143   121.867235159229    56.717505683981
Adsorbate-atom-force:    71 0   -33.703597482894   -42.277427719051    75.654619558647
Adsorbate-atom-force:    72 0  -637.583477330123   578.335451655167  -655.359836451686
Adsorbate-atom-force:    73 0   221.685814240173   123.419734685341  -182.421097831819
Adsorbate-atom-force:    74 0   287.941622488461    80.476691498682   -48.361607774510
Adsorbate-atom-force:    75 0   512.148613882060   381.425727108310  -159.004821446028
Adsorbate-atom-force:    76 0   459.168505539540   665.934570794009    11.915332676667
Adsorbate-atom-force:    77 0   507.345558312996  -387.166819346304   -33.349762805209
Adsorbate-atom-force:    78 0   491.405401110413   525.060302275084  -519.153691761717
Adsorbate-atom-force:    79 0   617.822669446740  -661.293109995238   567.463331426306
Adsorbate-atom-force:    80 0   360.697240702199  -151.239192647966   384.081221248018
Adsorbate-atom-force:    81 0    75.267807175041   330.257881006205    42.053374172284
Adsorbate-atom-force:    82 0   206.263822654177   290.770830566859   219.785875556962
Adsorbate-atom-force:    83 0   123.368173031380   293.469596275231   410.079194021462
Adsorbate-atom-force:    84 0   393.941414801586   250.134462207320  -468.438756914118
Adsorbate-atom-force:    85 0   320.098162158872  -159.031739313557   485.908048483843
Adsorbate-atom-force:    86 0  -259.990678721319   155.880010800419  -168.781987284968
Adsorbate-atom-force:    87 0   -74.420449058565    -7.386201230063  -160.774287206359
Adsorbate-atom-force:    88 0  -137.651986065092   -94.149382455416   193.725697060309
Adsorbate-atom-force:    89 0    14.991478268700    81.602780964957  -251.083718346088
Adsorbate-atom-force:    90 0  -301.222252896701  -128.759937311913    75.746307511130
Adsorbate-atom-force:    91 0  -161.002265774798  -178.986571266282    16.541318296330
Adsorbate-atom-force:    92 0  -392.177760684903   236.784383515380   352.042383646363
Adsorbate-atom-force:    93 0   494.247792987401   206.714528538011   -93.675036174771
Adsorbate-atom-force:    94 0  -224.775584197236    39.725843324378  -302.168456163061
Adsorbate-atom-force:    95 0   606.865402286436  -638.474424904969  -116.768024947755
Adsorbate-atom-force:    96 0  -342.310561666874  -358.307985064167  -481.260506381239
Adsorbate-atom-force:    97 0   118.564323950616  -245.916416393782  -190.334963429083
Adsorbate-atom-force:    98 0 -1344.082817281711   358.257772533361  -473.201402806075
Adsorbate-atom-force:    99 0   499.896361178658  -850.448968578862   748.055124297552
Adsorbate-atom-force:    100 0  -821.613874125371    71.041127650602   448.030135426208
Adsorbate-atom-force:    101 0  -260.431826866620  -375.582966088285   171.290570295714
Adsorbate-atom-force:    102 0  -216.501377890109   337.209467768542   399.804935925753
Adsorbate-atom-force:    103 0    14.421772867512    60.270782462649    21.696800259666
Adsorbate-atom-force:    104 0    72.165467231589  -245.106146677833    87.729617222438
Adsorbate-atom-force:    105 0   259.642905953208  -214.225355901516   190.435672470698
Adsorbate-atom-force:    106 0    83.984565504739   -86.426513112250    -2.356454420501
Adsorbate-atom-force:    107 0   -66.814007351055   203.924682796468   -68.820135311938
Adsorbate-atom-force:    108 0    96.608465053278   -31.808181653186   129.946297103686
Adsorbate-atom-force:    109 0  -256.714710641076   254.846818715297   338.730051410010
Adsorbate-atom-force:    110 0   294.509766621121   425.163717452916  -743.265893471909
Adsorbate-atom-force:    111 0  -115.699520521788  -142.382064064822   172.453841145071
Adsorbate-atom-force:    112 0   204.953160166858   144.578364126811   192.918708851309
Adsorbate-atom-force:    113 0   280.159598719072  -790.363437336944  -757.127399715395
Adsorbate-atom-force:    114 0  -324.373341623494  -129.791230433023    41.983926300124
Adsorbate-atom-force:    115 0  -847.567479544507  -181.194958992744    38.583632796983
Adsorbate-atom-force:    116 0   -68.371151818275    74.667173493714   103.687902871575
Adsorbate-atom-force:    117 0    11.479990644451   161.487088311519   -29.429217349055
Adsorbate-atom-force:    118 0  -124.304996775223  -236.211053639825    33.426277368937
Adsorbate-atom-force:    119 0   743.695370079346   276.493397504803  -265.451740820064
Adsorbate-atom-force:    120 0  -683.448006927578    17.255615784800   191.779793192047
Adsorbate-atom-force:    121 0   623.359959788088    65.443617567856    32.599983979904
Adsorbate-atom-force:    122 0   -21.766284798007    62.351536834269   -75.309541168581
Adsorbate-atom-force:    123 0   279.688674620606   -32.558219342599  -128.130471276350
Adsorbate-atom-force:    124 0   312.673183070988    56.008772254612   104.197070482207
Adsorbate-atom-force:    125 0    65.033938830664  -386.990633990193    90.395040394636
Adsorbate-atom-force:    126 0   249.608348209254  -135.099876762829  -159.435830660225
Adsorbate-atom-force:    127 0   267.129037453344   176.769140568932   328.643581820900
Adsorbate-atom-force:    128 0   107.987421016645  -941.132938360686   539.219417660267
Adsorbate-atom-force:    129 0   614.082348205019  -133.973035383750    78.166006674080
Adsorbate-atom-force:    130 0    -7.856087322780   159.031939241791  -379.915395181485
Adsorbate-atom-force:    131 0   198.683891273953 -1016.301560328405   110.455275448947
Adsorbate-atom-force:    132 0  -305.871643848023   393.618923421253   617.226138372705
Adsorbate-atom-force:    133 0   -75.179973843088  -117.953545360620   -32.473187297187
Adsorbate-atom-force:    134 0  -402.591196595625   271.335680927494   -72.572096578495
Adsorbate-atom-force:    135 0  -317.675196955030  -203.090423022212    45.331202903800
Adsorbate-atom-force:    136 0  -250.022027625750   382.100898641539  -574.430740286392
Adsorbate-atom-force:    137 0  -254.910067302029    92.233346965044   324.719911515805
Adsorbate-atom-force:    138 0  -149.446641561139   338.765271647882  -191.574542024036
Adsorbate-atom-force:    139 0  -278.408042663398   -29.284316450124   -67.595323129078
Adsorbate-atom-force:    140 0   133.379145803302   447.673323536503   357.308441504375
Adsorbate-atom-force:    141 0   -39.996258154886    44.083575157310   -78.849840565849
Adsorbate-atom-force:    142 0  -236.683365087342  -189.254472059348    34.835119760500
Adsorbate-atom-force:    143 0   297.918568193865  -402.729268744515    65.668571377201
Adsorbate-atom-force:    144 0  -586.124310168733  -432.034791137426  -404.117545769798
Adsorbate-atom-force:    145 0    60.435032069164   714.213649970036   511.891946716603
Adsorbate-atom-force:    146 0  -143.479474852066   182.583708576500   -90.197877278952
Adsorbate-atom-force:    147 0   236.472592578242  -177.995032401706  -192.944385169009
Adsorbate-atom-force:    148 0  -333.316542196960   775.933012743646   322.499475156819
Adsorbate-atom-force:    149 0  -135.220896343855  -242.788609051917    76.727333162131
Adsorbate-atom-force:    150 0   -13.193263342278    37.275951512946    24.571421346358
Adsorbate-atom-force:    151 0    13.095953107258   -43.400329519502   124.304142267251
Adsorbate-atom-force:    152 0   137.139034954781   -79.590197865024  -186.895450778408
Adsorbate-atom-force:    153 0  -231.454891785831  -159.768337888408    83.531631723601
Adsorbate-atom-force:    154 0   147.214730956136  -125.336562948583  -324.917956206153
Adsorbate-atom-force:    155 0  -267.324444907134   173.426725691262  -193.783429571317
Adsorbate-atom-force:    156 0    54.237145376076    88.303071027270    27.740939799736
Adsorbate-atom-force:    157 0    88.219088657004   106.391085315983    23.256991922476
Adsorbate-atom-force:    158 0    52.409087849627    66.370028070833    36.729752766775
Adsorbate-atom-force:    159 0  -830.794074017645  -334.968115580941  -724.084040761961
Adsorbate-atom-force:    160 0   491.714282052554   484.265658616184  -203.761027154464
Adsorbate-atom-force:    161 0    23.202182763008   344.537353999279    77.099797349494
Adsorbate-atom-force:    162 0   112.342401042787   -57.133478408431    57.730052153895
Adsorbate-atom-force:    163 0   -71.470470947573   173.989815395759     3.010562697773
Adsorbate-atom-force:    164 0   -33.230254226928    20.749612485049   -35.205280447959
Adsorbate-atom-force:    165 0   -77.785288867124   182.436575044076    -6.088197171740
Adsorbate-atom-force:    166 0  -328.187339742820    48.367623924781  -221.645420895945
Adsorbate-atom-force:    167 0   -48.220596667260   240.388893647115   217.731226935910
Adsorbate-atom-force:    168 0    53.096712077239    94.512851232543   -60.486100688038
Adsorbate-atom-force:    169 0   499.170593567698   160.308952031934  -358.575914923807
Adsorbate-atom-force:    170 0   358.143460559299   297.201678899216  -209.948289867279
Adsorbate-atom-force:    171 0   228.111350072895  -114.715278683723   564.525750030393
Adsorbate-atom-force:    172 0  -280.460407415081    23.020223613119   225.805460754953
Adsorbate-atom-force:    173 0  -228.569392546295  -365.122433336641   579.001000010247
Adsorbate-atom-force:    174 0  -149.360736840783   -33.480101448981   -95.553483972985
Adsorbate-atom-force:    175 0    -9.387697837517    83.845547521302   -75.269875479852
Adsorbate-atom-force:    176 0  -563.791054050223  -288.234417832081   105.179002363482
Adsorbate-atom-force:    177 0   112.587795144369   229.705098310700    98.984049598201
Adsorbate-atom-force:    178 0  -306.168409910337   -20.150738905911  -307.345759773616
Adsorbate-atom-force:    179 0   195.179075449003 -1175.706583230141   230.919893170082
Adsorbate-atom-force:    180 0   244.479015396123  -217.229747646395  -259.394446614403
Adsorbate-atom-force:    181 0   -11.487164894515   -10.786711844346   170.155223292743
Adsorbate-atom-force:    182 0    54.495040927385    -2.137793532418   -18.704017671584
Adsorbate-atom-force:    183 0  -634.111368585658   497.405963304887    98.512990483933
Adsorbate-atom-force:    184 0  -458.600531569039  -166.525002759204   748.597794441511
Adsorbate-atom-force:    185 0   299.498154193301   176.005137327518    40.839357465164
Adsorbate-atom-force:    186 0     6.279749393775   196.241654435337   -23.812256832797
Adsorbate-atom-force:    187 0   -96.439858478435  -162.616879729299  -136.107492902012
Adsorbate-atom-force:    188 0     6.533620854418  -103.125874821306   133.073455070803
Adsorbate-atom-force:    189 0  -268.982124262715   221.901475244390   207.924713522330
Adsorbate-atom-force:    190 0   190.877633545887  -269.972158210384  -356.989802867633
Adsorbate-atom-force:    191 0   403.063946695675   194.750695518674  -179.479765088425
Adsorbate-atom-force:    192 0   574.362981654482  -405.451147857394  -159.931860473193
Adsorbate-atom-force:    193 0  -146.942250925149   660.624325710187   141.663955451569
Adsorbate-atom-force:    194 0   -56.490144218258    86.045091137420   -28.881782870824
Adsorbate-atom-force:    195 0  -139.703394459019  -240.827297305782   198.552434328124
Adsorbate-atom-force:    196 0  -384.093708985645   267.173825800100   245.416941525958
Adsorbate-atom-force:    197 0   -36.975365127821   112.641976849123    63.252659246853
Adsorbate-atom-force:    198 0   203.121900767877   -55.942669797204   122.665453305953
Adsorbate-atom-force:    199 0   144.083801819865    86.384508629470   341.682516114698
Adsorbate-atom-force:    200 0  -160.897697694370  -213.161836791852   310.661348843241
Adsorbate-atom-force:    201 0    -5.518186617292  -216.932412867080  -253.271980593618
Adsorbate-atom-force:    202 0    41.066226392991   184.637590926682   121.929852020909
Adsorbate-atom-force:    203 0   283.944180615369  -191.666933180691   -34.173525569615
Adsorbate-atom-force:    204 0   304.850711057020  -209.906996030374   408.130687371916
Adsorbate-atom-force:    205 0  -958.278384132864   -16.450247351313   874.493401830568
Adsorbate-atom-force:    206 0  -603.215570527742   619.071575000647  -236.574386436558
Adsorbate-atom-force:    207 0  -222.003520742028    26.075412315262  -125.989786268508
Adsorbate-atom-charge:   0 0     0.000000000000
Adsorbate-atom-charge:   1 0     0.000000000000
Adsorbate-atom-charge:   2 0     0.000000000000
Adsorbate-atom-charge:   3 0     0.000000000000
Adsorbate-atom-charge:   4 0     0.000000000000
Adsorbate-atom-charge:   5 0     0.000000000000
Adsorbate-atom-charge:   6 0     0.000000000000
Adsorbate-atom-charge:   7 0     0.000000000000
Adsorbate-atom-charge:   8 0     0.000000000000
Adsorbate-atom-charge:   9 0     0.000000000000
Adsorbate-atom-charge:   10 0     0.000000000000
Adsorbate-atom-charge:   11 0     0.000000000000
Adsorbate-atom-charge:   12 0     0.000000000000
Adsorbate-atom-charge:   13 0     0.000000000000
Adsorbate-atom-charge:   14 0     0.000000000000
Adsorbate-atom-charge:   15 0     0.000000000000
Adsorbate-atom-charge:   16 0     0.000000000000
Adsorbate-atom-charge:   17 0     0.000000000000
Adsorbate-atom-charge:   18 0     0.000000000000
Adsorbate-atom-charge:   19 0     0.000000000000
Adsorbate-atom-charge:   20 0     0.000000000000
Adsorbate-atom-charge:   21 0     0.000000000000
Adsorbate-atom-charge:   22 0     0.000000000000
Adsorbate-atom-charge:   23 0     0.000000000000
Adsorbate-atom-charge:   24 0     0.000000000000
Adsorbate-atom-charge:   25 0     0.000000000000
Adsorbate-atom-charge:   26 0     0.000000000000
Adsorbate-atom-charge:   27 0     0.000000000000
Adsorbate-atom-charge:   28 0     0.000000000000
Adsorbate-atom-charge:   29 0     0.000000000000
Adsorbate-atom-charge:   30 0     0.000000000000
Adsorbate-atom-charge:   31 0     0.000000000000
Adsorbate-atom-charge:   32 0     0.000000000000
Adsorbate-atom-charge:   33 0     0.000000000000
Adsorbate-atom-charge:   34 0     0.000000000000
Adsorbate-atom-charge:   35 0     0.000000000000
Adsorbate-atom-charge:   36 0     0.000000000000
Adsorbate-atom-charge:   37 0     0.000000000000
Adsorbate-atom-charge:   38 0     0.000000000000
Adsorbate-atom-charge:   39 0     0.000000000000
Adsorbate-atom-charge:   40 0     0.000000000000
Adsorbate-atom-charge:   41 0     0.000000000000
Adsorbate-atom-charge:   42 0     0.000000000000
Adsorbate-atom-charge:   43 0     0.000000000000
Adsorbate-atom-charge:   44 0     0.000000000000
Adsorbate-atom-charge:   45 0     0.000000000000
Adsorbate-atom-charge:   46 0     0.000000000000
Adsorbate-atom-charge:   47 0     0.000000000000
Adsorbate-atom-charge:   48 0     0.000000000000
Adsorbate-atom-charge:   49 0     0.000000000000
Adsorbate-atom-charge:   50 0     0.000000000000
Adsorbate-atom-charge:   51 0     0.000000000000
Adsorbate-atom-charge:   52 0     0.000000000000
Adsorbate-atom-charge:   53 0     0.000000000000
Adsorbate-atom-charge:   54 0     0.000000000000
Adsorbate-atom-charge:   55 0     0.000000000000
Adsorbate-atom-charge:   56 0     0.000000000000
Adsorbate-atom-charge:   57 0     0.000000000000
Adsorbate-atom-charge:   58 0     0.000000000000
Adsorbate-atom-charge:   59 0     0.000000000000
Adsorbate-atom-charge:   60 0     0.000000000000
Adsorbate-atom-charge:   61 0     0.000000000000
Adsorbate-atom-charge:   62 0     0.000000000000
Adsorbate-atom-charge:   63 0     0.000000000000
Adsorbate-atom-charge:   64 0     0.000000000000
Adsorbate-atom-charge:   65 0     0.000000000000
Adsorbate-atom-charge:   66 0     0.000000000000
Adsorbate-atom-charge:   67 0     0.000000000000
Adsorbate-atom-charge:   68 0     0.000000000000
Adsorbate-atom-charge:   69 0     0.000000000000
Adsorbate-atom-charge:   70 0     0.000000000000
Adsorbate-atom-charge:   71 0     0.000000000000
Adsorbate-atom-charge:   72 0     0.000000000000
Adsorbate-atom-charge:   73 0     0.000000000000
Adsorbate-atom-charge:   74 0     0.000000000000
Adsorbate-atom-charge:   75 0     0.000000000000
Adsorbate-atom-charge:   76 0     0.000000000000
Adsorbate-atom-charge:   77 0     0.000000000000
Adsorbate-atom-charge:   78 0     0.000000000000
Adsorbate-atom-charge:   79 0     0.000000000000
Adsorbate-atom-charge:   80 0     0.000000000000
Adsorbate-atom-charge:   81 0     0.000000000000
Adsorbate-atom-charge:   82 0     0.000000000000
Adsorbate-atom-charge:   83 0     0.000000000000
Adsorbate-atom-charge:   84 0     0.000000000000
Adsorbate-atom-charge:   85 0     0.000000000000
Adsorbate-atom-charge:   86 0     0.000000000000
Adsorbate-atom-charge:   87 0     0.000000000000
Adsorbate-atom-charge:   88 0     0.000000000000
Adsorbate-atom-charge:   89 0     0.000000000000
Adsorbate-atom-charge:   90 0     0.000000000000
Adsorbate-atom-charge:   91 0     0.000000000000
Adsorbate-atom-charge:   92 0     0.000000000000
Adsorbate-atom-charge:   93 0     0.000000000000
Adsorbate-atom-charge:   94 0     0.000000000000
Adsorbate-atom-charge:   95 0     0.000000000000
Adsorbate-atom-charge:   96 0     0.000000000000
Adsorbate-atom-charge:   97 0     0.000000000000
Adsorbate-atom-charge:   98 0     0.000000000000
Adsorbate-atom-charge:   99 0     0.000000000000
Adsorbate-atom-charge:   100 0     0.000000000000
Adsorbate-atom-charge:   101 0     0.000000000000
Adsorbate-atom-charge:   102 0     0.000000000000
Adsorbate-atom-charge:   103 0     0.000000000000
Adsorbate-atom-charge:   104 0     0.000000000000
Adsorbate-atom-charge:   105 0     0.000000000000
Adsorbate-atom-charge:   106 0     0.000000000000
Adsorbate-atom-charge:   107 0     0.000000000000
Adsorbate-atom-charge:   108 0     0.000000000000
Adsorbate-atom-charge:   109 0     0.000000000000
Adsorbate-atom-charge:   110 0     0.000000000000
Adsorbate-atom-charge:   111 0     0.000000000000
Adsorbate-atom-charge:   112 0     0.000000000000
Adsorbate-atom-charge:   113 0     0.000000000000
Adsorbate-atom-charge:   114 0     0.000000000000
Adsorbate-atom-charge:   115 0     0.000000000000
Adsorbate-atom-charge:   116 0     0.000000000000
Adsorbate-atom-charge:   117 0     0.000000000000
Adsorbate-atom-charge:   118 0     0.000000000000
Adsorbate-atom-charge:   119 0     0.000000000000
Adsorbate-atom-charge:   120 0     0.000000000000
Adsorbate-atom-charge:   121 0     0.000000000000
Adsorbate-atom-charge:   122 0     0.000000000000
Adsorbate-atom-charge:   123 0     0.000000000000
Adsorbate-atom-charge:   124 0     0.000000000000
Adsorbate-atom-charge:   125 0     0.000000000000
Adsorbate-atom-charge:   126 0     0.000000000000
Adsorbate-atom-charge:   127 0     0.000000000000
Adsorbate-atom-charge:   128 0     0.000000000000
Adsorbate-atom-charge:   129 0     0.000000000000
Adsorbate-atom-charge:   130 0     0.000000000000
Adsorbate-atom-charge:   131 0     0.000000000000
Adsorbate-atom-charge:   132 0     0.000000000000
Adsorbate-atom-charge:   133 0     0.000000000000
Adsorbate-atom-charge:   134 0     0.000000000000
Adsorbate-atom-charge:   135 0     0.000000000000
Adsorbate-atom-charge:   136 0     0.000000000000
Adsorbate-atom-charge:   137 0     0.000000000000
Adsorbate-atom-charge:   138 0     0.000000000000
Adsorbate-atom-charge:   139 0     0.000000000000
Adsorbate-atom-charge:   140 0     0.000000000000
Adsorbate-atom-charge:   141 0     0.000000000000
Adsorbate-atom-charge:   142 0     0.000000000000
Adsorbate-atom-charge:   143 0     0.000000000000
Adsorbate-atom-charge:   144 0     0.000000000000
Adsorbate-atom-charge:   145 0     0.000000000000
Adsorbate-atom-charge:   146 0     0.000000000000
Adsorbate-atom-charge:   147 0     0.000000000000
Adsorbate-atom-charge:   148 0     0.000000000000
Adsorbate-atom-charge:   149 0     0.000000000000
Adsorbate-atom-charge:   150 0     0.000000000000
Adsorbate-atom-charge:   151 0     0.000000000000
Adsorbate-atom-charge:   152 0     0.000000000000
Adsorbate-atom-charge:   153 0     0.000000000000
Adsorbate-atom-charge:   154 0     0.000000000000
Adsorbate-atom-charge:   155 0     0.000000000000
Adsorbate-atom-charge:   156 0     0.000000000000
Adsorbate-atom-charge:   157 0     0.000000000000
Adsorbate-atom-charge:   158 0     0.000000000000
Adsorbate-atom-charge:   159 0     0.000000000000
Adsorbate-atom-charge:   160 0     0.000000000000
Adsorbate-atom-charge:   161 0     0.000000000000
Adsorbate-atom-charge:   162 0     0.000000000000
Adsorbate-atom-charge:   163 0     0.000000000000
Adsorbate-atom-charge:   164 0     0.000000000000
Adsorbate-atom-charge:   165 0     0.000000000000
Adsorbate-atom-charge:   166 0     0.000000000000
Adsorbate-atom-charge:   167 0     0.000000000000
Adsorbate-atom-charge:   168 0     0.000000000000
Adsorbate-atom-charge:   169 0     0.000000000000
Adsorbate-atom-charge:   170 0     0.000000000000
Adsorbate-atom-charge:   171 0     0.000000000000
Adsorbate-atom-charge:   172 0     0.000000000000
Adsorbate-atom-charge:   173 0     0.000000000000
Adsorbate-atom-charge:   174 0     0.000000000000
Adsorbate-atom-charge:   175 0     0.000000000000
Adsorbate-atom-charge:   176 0     0.000000000000
Adsorbate-atom-charge:   177 0     0.000000000000
Adsorbate-atom-charge:   178 0     0.000000000000
Adsorbate-atom-charge:   179 0     0.000000000000
Adsorbate-atom-charge:   180 0     0.000000000000
Adsorbate-atom-charge:   181 0     0.000000000000
Adsorbate-atom-charge:   182 0     0.000000000000
Adsorbate-atom-charge:   183 0     0.000000000000
Adsorbate-atom-charge:   184 0     0.000000000000
Adsorbate-atom-charge:   185 0     0.000000000000
Adsorbate-atom-charge:   186 0     0.000000000000
Adsorbate-atom-charge:   187 0     0.000000000000
Adsorbate-atom-charge:   188 0     0.000000000000
Adsorbate-atom-charge:   189 0     0.000000000000
Adsorbate-atom-charge:   190 0     0.000000000000
Adsorbate-atom-charge:   191 0     0.000000000000
Adsorbate-atom-charge:   192 0     0.000000000000
Adsorbate-atom-charge:   193 0     0.000000000000
Adsorbate-atom-charge:   194 0     0.000000000000
Adsorbate-atom-charge:   195 0     0.000000000000
Adsorbate-atom-charge:   196 0     0.000000000000
Adsorbate-atom-charge:   197 0     0.000000000000
Adsorbate-atom-charge:   198 0     0.000000000000
Adsorbate-atom-charge:   199 0     0.000000000000
Adsorbate-atom-charge:   200 0     0.000000000000
Adsorbate-atom-charge:   201 0     0.000000000000
Adsorbate-atom-charge:   202 0     0.000000000000
Adsorbate-atom-charge:   203 0     0.000000000000
Adsorbate-atom-charge:   204 0     0.000000000000
Adsorbate-atom-charge:   205 0     0.000000000000
Adsorbate-atom-charge:   206 0     0.000000000000
Adsorbate-atom-charge:   207 0     0.000000000000
Adsorbate-atom-scaling:  0 0     1.000000000000
Adsorbate-atom-scaling:  1 0     1.000000000000
Adsorbate-atom-scaling:  2 0     1.000000000000
Adsorbate-atom-scaling:  3 0     1.000000000000
Adsorbate-atom-scaling:  4 0     1.000000000000
Adsorbate-atom-scaling:  5 0     1.000000000000
Adsorbate-atom-scaling:  6 0     1.000000000000
Adsorbate-atom-scaling:  7 0     1.000000000000
Adsorbate-atom-scaling:  8 0     1.000000000000
Adsorbate-atom-scaling:  9 0     1.000000000000
Adsorbate-atom-scaling:  10 0     1.000000000000
Adsorbate-atom-scaling:  11 0     1.000000000000
Adsorbate-atom-scaling:  12 0     1.000000000000
Adsorbate-atom-scaling:  13 0     1.000000000000
Adsorbate-atom-scaling:  14 0     1.000000000000
Adsorbate-atom-scaling:  15 0     1.000000000000
Adsorbate-atom-scaling:  16 0     1.000000000000
Adsorbate-atom-scaling:  17 0     1.000000000000
Adsorbate-atom-scaling:  18 0     1.000000000000
Adsorbate-atom-scaling:  19 0     1.000000000000
Adsorbate-atom-scaling:  20 0     1.000000000000
Adsorbate-atom-scaling:  21 0     1.000000000000
Adsorbate-atom-scaling:  22 0     1.000000000000
Adsorbate-atom-scaling:  23 0     1.000000000000
Adsorbate-atom-scaling:  24 0     1.000000000000
Adsorbate-atom-scaling:  25 0     1.000000000000
Adsorbate-atom-scaling:  26 0     1.000000000000
Adsorbate-atom-scaling:  27 0     1.000000000000
Adsorbate-atom-scaling:  28 0     1.000000000000
Adsorbate-atom-scaling:  29 0     1.000000000000
Adsorbate-atom-scaling:  30 0     1.000000000000
Adsorbate-atom-scaling:  31 0     1.000000000000
Adsorbate-atom-scaling:  32 0     1.000000000000
Adsorbate-atom-scaling:  33 0     1.000000000000
Adsorbate-atom-scaling:  34 0     1.000000000000
Adsorbate-atom-scaling:  35 0     1.000000000000
Adsorbate-atom-scaling:  36 0     1.000000000000
Adsorbate-atom-scaling:  37 0     1.000000000000
Adsorbate-atom-scaling:  38 0     1.000000000000
Adsorbate-atom-scaling:  39 0     1.000000000000
Adsorbate-atom-scaling:  40 0     1.000000000000
Adsorbate-atom-scaling:  41 0     1.000000000000
Adsorbate-atom-scaling:  42 0     1.000000000000
Adsorbate-atom-scaling:  43 0     1.000000000000
Adsorbate-atom-scaling:  44 0     1.000000000000
Adsorbate-atom-scaling:  45 0     1.000000000000
Adsorbate-atom-scaling:  46 0     1.000000000000
Adsorbate-atom-scaling:  47 0     1.000000000000
Adsorbate-atom-scaling:  48 0     1.000000000000
Adsorbate-atom-scaling:  49 0     1.000000000000
Adsorbate-atom-scaling:  50 0     1.000000000000
Adsorbate-atom-scaling:  51 0     1.000000000000
Adsorbate-atom-scaling:  52 0     1.000000000000
Adsorbate-atom-scaling:  53 0     1.000000000000
Adsorbate-atom-scaling:  54 0     1.000000000000
Adsorbate-atom-scaling:  55 0     1.000000000000
Adsorbate-atom-scaling:  56 0     1.000000000000
Adsorbate-atom-scaling:  57 0     1.000000000000
Adsorbate-atom-scaling:  58 0     1.000000000000
Adsorbate-atom-scaling:  59 0     1.000000000000
Adsorbate-atom-scaling:  60 0     1.000000000000
Adsorbate-atom-scaling:  61 0     1.000000000000
Adsorbate-atom-scaling:  62 0     1.000000000000
Adsorbate-atom-scaling:  63 0     1.000000000000
Adsorbate-atom-scaling:  64 0     1.000000000000
Adsorbate-atom-scaling:  65 0     1.000000000000
Adsorbate-atom-scaling:  66 0     1.000000000000
Adsorbate-atom-scaling:  67 0     1.000000000000
Adsorbate-atom-scaling:  68 0     1.000000000000
Adsorbate-atom-scaling:  69 0     1.000000000000
Adsorbate-atom-scaling:  70 0     1.000000000000
Adsorbate-atom-scaling:  71 0     1.000000000000
Adsorbate-atom-scaling:  72 0     1.000000000000
Adsorbate-atom-scaling:  73 0     1.000000000000
Adsorbate-atom-scaling:  74 0     1.000000000000
Adsorbate-atom-scaling:  75 0     1.000000000000
Adsorbate-atom-scaling:  76 0     1.000000000000
Adsorbate-atom-scaling:  77 0     1.000000000000
Adsorbate-atom-scaling:  78 0     1.000000000000
Adsorbate-atom-scaling:  79 0     1.000000000000
Adsorbate-atom-scaling:  80 0     1.000000000000
Adsorbate-atom-scaling:  81 0     1.000000000000
Adsorbate-atom-scaling:  82 0     1.000000000000
Adsorbate-atom-scaling:  83 0     1.000000000000
Adsorbate-atom-scaling:  84 0     1.000000000000
Adsorbate-atom-scaling:  85 0     1.000000000000
Adsorbate-atom-scaling:  86 0     1.000000000000
Adsorbate-atom-scaling:  87 0     1.000000000000
Adsorbate-atom-scaling:  88 0     1.000000000000
Adsorbate-atom-scaling:  89 0     1.000000000000
Adsorbate-atom-scaling:  90 0     1.000000000000
Adsorbate-atom-scaling:  91 0     1.000000000000
Adsorbate-atom-scaling:  92 0     1.000000000000
Adsorbate-atom-scaling:  93 0     1.000000000000
Adsorbate-atom-scaling:  94 0     1.000000000000
Adsorbate-atom-scaling:  95 0     1.000000000000
Adsorbate-atom-scaling:  96 0     1.000000000000
Adsorbate-atom-scaling:  97 0     1.000000000000
Adsorbate-atom-scaling:  98 0     1.000000000000
Adsorbate-atom-scaling:  99 0     1.000000000000
Adsorbate-atom-scaling:  100 0     1.000000000000
Adsorbate-atom-scaling:  101 0     1.000000000000
Adsorbate-atom-scaling:  102 0     1.000000000000
Adsorbate-atom-scaling:  103 0     1.000000000000
Adsorbate-atom-scaling:  104 0     1.000000000000
Adsorbate-atom-scaling:  105 0     1.000000000000
Adsorbate-atom-scaling:  106 0     1.000000000000
Adsorbate-atom-scaling:  107 0     1.000000000000
Adsorbate-atom-scaling:  108 0     1.000000000000
Adsorbate-atom-scaling:  109 0     1.000000000000
Adsorbate-atom-scaling:  110 0     1.000000000000
Adsorbate-atom-scaling:  111 0     1.000000000000
Adsorbate-atom-scaling:  112 0     1.000000000000
Adsorbate-atom-scaling:  113 0     1.000000000000
Adsorbate-atom-scaling:  114 0     1.000000000000
Adsorbate-atom-scaling:  115 0     1.000000000000
Adsorbate-atom-scaling:  116 0     1.000000000000
Adsorbate-atom-scaling:  117 0     1.000000000000
Adsorbate-atom-scaling:  118 0     1.000000000000
Adsorbate-atom-scaling:  119 0     1.000000000000
Adsorbate-atom-scaling:  120 0     1.000000000000
Adsorbate-atom-scaling:  121 0     1.000000000000
Adsorbate-atom-scaling:  122 0     1.000000000000
Adsorbate-atom-scaling:  123 0     1.000000000000
Adsorbate-atom-scaling:  124 0     1.000000000000
Adsorbate-atom-scaling:  125 0     1.000000000000
Adsorbate-atom-scaling:  126 0     1.000000000000
Adsorbate-atom-scaling:  127 0     1.000000000000
Adsorbate-atom-scaling:  128 0     1.000000000000
Adsorbate-atom-scaling:  129 0     1.000000000000
Adsorbate-atom-scaling:  130 0     1.000000000000
Adsorbate-atom-scaling:  131 0     1.000000000000
Adsorbate-atom-scaling:  132 0     1.000000000000
Adsorbate-atom-scaling:  133 0     1.000000000000
Adsorbate-atom-scaling:  134 0     1.000000000000
Adsorbate-atom-scaling:  135 0     1.000000000000
Adsorbate-atom-scaling:  136 0     1.000000000000
Adsorbate-atom-scaling:  137 0     1.000000000000
Adsorbate-atom-scaling:  138 0     1.000000000000
Adsorbate-atom-scaling:  139 0     1.000000000000
Adsorbate-atom-scaling:  140 0     1.000000000000
Adsorbate-atom-scaling:  141 0     1.000000000000
Adsorbate-atom-scaling:  142 0     1.000000000000
Adsorbate-atom-scaling:  143 0     1.000000000000
Adsorbate-atom-scaling:  144 0     1.000000000000
Adsorbate-atom-scaling:  145 0     1.000000000000
Adsorbate-atom-scaling:  146 0     1.000000000000
Adsorbate-atom-scaling:  147 0     1.000000000000
Adsorbate-atom-scaling:  148 0     1.000000000000
Adsorbate-atom-scaling:  149 0     1.000000000000
Adsorbate-atom-scaling:  150 0     1.000000000000
Adsorbate-atom-scaling:  151 0     1.000000000000
Adsorbate-atom-scaling:  152 0     1.000000000000
Adsorbate-atom-scaling:  153 0     1.000000000000
Adsorbate-atom-scaling:  154 0     1.000000000000
Adsorbate-atom-scaling:  155 0     1.000000000000
Adsorbate-atom-scaling:  156 0     1.000000000000
Adsorbate-atom-scaling:  157 0     1.000000000000
Adsorbate-atom-scaling:  158 0     1.000000000000
Adsorbate-atom-scaling:  159 0     1.000000000000
Adsorbate-atom-scaling:  160 0     1.000000000000
Adsorbate-atom-scaling:  161 0     1.000000000000
Adsorbate-atom-scaling:  162 0     1.000000000000
Adsorbate-atom-scaling:  163 0     1.000000000000
Adsorbate-atom-scaling:  164 0     1.000000000000
Adsorbate-atom-scaling:  165 0     1.000000000000
Adsorbate-atom-scaling:  166 0     1.000000000000
Adsorbate-atom-scaling:  167 0     1.000000000000
Adsorbate-atom-scaling:  168 0     1.000000000000
Adsorbate-atom-scaling:  169 0     1.000000000000
Adsorbate-atom-scaling:  170 0     1.000000000000
Adsorbate-atom-scaling:  171 0     1.000000000000
Adsorbate-atom-scaling:  172 0     1.000000000000
Adsorbate-atom-scaling:  173 0     1.000000000000
Adsorbate-atom-scaling:  174 0     1.000000000000
Adsorbate-atom-scaling:  175 0     1.000000000000
Adsorbate-atom-scaling:  176 0     1.000000000000
Adsorbate-atom-scaling:  177 0     1.000000000000
Adsorbate-atom-scaling:  178 0     1.000000000000
Adsorbate-atom-scaling:  179 0     1.000000000000
Adsorbate-atom-scaling:  180 0     1.000000000000
Adsorbate-atom-scaling:  181 0     1.000000000000
Adsorbate-atom-scaling:  182 0     1.000000000000
Adsorbate-atom-scaling:  183 0     1.000000000000
Adsorbate-atom-scaling:  184 0     1.000000000000
Adsorbate-atom-scaling:  185 0     1.000000000000
Adsorbate-atom-scaling:  186 0     1.000000000000
Adsorbate-atom-scaling:  187 0     1.000000000000
Adsorbate-atom-scaling:  188 0     1.000000000000
Adsorbate-atom-scaling:  189 0     1.000000000000
Adsorbate-atom-scaling:  190 0     1.000000000000
Adsorbate-atom-scaling:  191 0     1.000000000000
Adsorbate-atom-scaling:  192 0     1.000000000000
Adsorbate-atom-scaling:  193 0     1.000000000000
Adsorbate-atom-scaling:  194 0     1.000000000000
Adsorbate-atom-scaling:  195 0     1.000000000000
Adsorbate-atom-scaling:  196 0     1.000000000000
Adsorbate-atom-scaling:  197 0     1.000000000000
Adsorbate-atom-scaling:  198 0     1.000000000000
Adsorbate-atom-scaling:  199 0     1.000000000000
Adsorbate-atom-scaling:  200 0     1.000000000000
Adsorbate-atom-scaling:  201 0     1.000000000000
Adsorbate-atom-scaling:  202 0     1.000000000000
Adsorbate-atom-scaling:  203 0     1.000000000000
Adsorbate-atom-scaling:  204 0     1.000000000000
Adsorbate-atom-scaling:  205 0     1.000000000000
Adsorbate-atom-scaling:  206 0     1.000000000000
Adsorbate-atom-scaling:  207 0     1.000000000000
Adsorbate-atom-fixed:    0 0       0 0 0
Adsorbate-atom-fixed:    1 0       0 0 0
Adsorbate-atom-fixed:    2 0       0 0 0
Adsorbate-atom-fixed:    3 0       0 0 0
Adsorbate-atom-fixed:    4 0       0 0 0
Adsorbate-atom-fixed:    5 0       0 0 0
Adsorbate-atom-fixed:    6 0       0 0 0
Adsorbate-atom-fixed:    7 0       0 0 0
Adsorbate-atom-fixed:    8 0       0 0 0
Adsorbate-atom-fixed:    9 0       0 0 0
Adsorbate-atom-fixed:    10 0       0 0 0
Adsorbate-atom-fixed:    11 0       0 0 0
Adsorbate-atom-fixed:    12 0       0 0 0
Adsorbate-atom-fixed:    13 0       0 0 0
Adsorbate-atom-fixed:    14 0       0 0 0
Adsorbate-atom-fixed:    15 0       0 0 0
Adsorbate-atom-fixed:    16 0       0 0 0
Adsorbate-atom-fixed:    17 0       0 0 0
Adsorbate-atom-fixed:    18 0       0 0 0
Adsorbate-atom-fixed:    19 0       0 0 0
Adsorbate-atom-fixed:    20 0       0 0 0
Adsorbate-atom-fixed:    21 0       0 0 0
Adsorbate-atom-fixed:    22 0       0 0 0
Adsorbate-atom-fixed:    23 0       0 0 0
Adsorbate-atom-fixed:    24 0       0 0 0
Adsorbate-atom-fixed:    25 0       0 0 0
Adsorbate-atom-fixed:    26 0       0 0 0
Adsorbate-atom-fixed:    27 0       0 0 0
Adsorbate-atom-fixed:    28 0       0 0 0
Adsorbate-atom-fixed:    29 0       0 0 0
Adsorbate-atom-fixed:    30 0       0 0 0
Adsorbate-atom-fixed:    31 0       0 0 0
Adsorbate-atom-fixed:    32 0       0 0 0
Adsorbate-atom-fixed:    33 0       0 0 0
Adsorbate-atom-fixed:    34 0       0 0 0
Adsorbate-atom-fixed:    35 0       0 0 0
Adsorbate-atom-fixed:    36 0       0 0 0
Adsorbate-atom-fixed:    37 0       0 0 0
Adsorbate-atom-fixed:    38 0       0 0 0
Adsorbate-atom-fixed:    39 0       0 0 0
Adsorbate-atom-fixed:    40 0       0 0 0
Adsorbate-atom-fixed:    41 0       0 0 0
Adsorbate-atom-fixed:    42 0       0 0 0
Adsorbate-atom-fixed:    43 0       0 0 0
Adsorbate-atom-fixed:    44 0       0 0 0
Adsorbate-atom-fixed:    45 0       0 0 0
Adsorbate-atom-fixed:    46 0       0 0 0
Adsorbate-atom-fixed:    47 0       0 0 0
Adsorbate-atom-fixed:    48 0       0 0 0
Adsorbate-atom-fixed:    49 0       0 0 0
Adsorbate-atom-fixed:    50 0       0 0 0
Adsorbate-atom-fixed:    51 0       0 0 0
Adsorbate-atom-fixed:    52 0       0 0 0
Adsorbate-atom-fixed:    53 0       0 0 0
Adsorbate-atom-fixed:    54 0       0 0 0
Adsorbate-atom-fixed:    55 0       0 0 0
Adsorbate-atom-fixed:    56 0       0 0 0
Adsorbate-atom-fixed:    57 0       0 0 0
Adsorbate-atom-fixed:    58 0       0 0 0
Adsorbate-atom-fixed:    59 0       0 0 0
Adsorbate-atom-fixed:    60 0       0 0 0
Adsorbate-atom-fixed:    61 0       0 0 0
Adsorbate-atom-fixed:    62 0       0 0 0
Adsorbate-atom-fixed:    63 0       0 0 0
Adsorbate-atom-fixed:    64 0       0 0 0
Adsorbate-atom-fixed:    65 0       0 0 0
Adsorbate-atom-fixed:    66 0       0 0 0
Adsorbate-atom-fixed:    67 0       0 0 0
Adsorbate-atom-fixed:    68 0       0 0 0
Adsorbate-atom-fixed:    69 0       0 0 0
Adsorbate-atom-fixed:    70 0       0 0 0
Adsorbate-atom-fixed:    71 0       0 0 0
Adsorbate-atom-fixed:    72 0       0 0 0
Adsorbate-atom-fixed:    73 0       0 0 0
Adsorbate-atom-fixed:    74 0       0 0 0
Adsorbate-atom-fixed:    75 0       0 0 0
Adsorbate-atom-fixed:    76 0       0 0 0
Adsorbate-atom-fixed:    77 0       0 0 0
Adsorbate-atom-fixed:    78 0       0 0 0
Adsorbate-atom-fixed:    79 0       0 0 0
Adsorbate-atom-fixed:    80 0       0 0 0
Adsorbate-atom-fixed:    81 0       0 0 0
Adsorbate-atom-fixed:    82 0       0 0 0
Adsorbate-atom-fixed:    83 0       0 0 0
Adsorbate-atom-fixed:    84 0       0 0 0
Adsorbate-atom-fixed:    85 0       0 0 0
Adsorbate-atom-fixed:    86 0       0 0 0
Adsorbate-atom-fixed:    87 0       0 0 0
Adsorbate-atom-fixed:    88 0       0 0 0
Adsorbate-atom-fixed:    89 0       0 0 0
Adsorbate-atom-fixed:    90 0       0 0 0
Adsorbate-atom-fixed:    91 0       0 0 0
Adsorbate-atom-fixed:    92 0       0 0 0
Adsorbate-atom-fixed:    93 0       0 0 0
Adsorbate-atom-fixed:    94 0       0 0 0
Adsorbate-atom-fixed:    95 0       0 0 0
Adsorbate-atom-fixed:    96 0       0 0 0
Adsorbate-atom-fixed:    97 0       0 0 0
Adsorbate-atom-fixed:    98 0       0 0 0
Adsorbate-atom-fixed:    99 0       0 0 0
Adsorbate-atom-fixed:    100 0       0 0 0
Adsorbate-atom-fixed:    101 0       0 0 0
Adsorbate-atom-fixed:    102 0       0 0 0
Adsorbate-atom-fixed:    103 0       0 0 0
Adsorbate-atom-fixed:    104 0       0 0 0
Adsorbate-atom-fixed:    105 0       0 0 0
Adsorbate-atom-fixed:    106 0       0 0 0
Adsorbate-atom-fixed:    107 0       0 0 0
Adsorbate-atom-fixed:    108 0       0 0 0
Adsorbate-atom-fixed:    109 0       0 0 0
Adsorbate-atom-fixed:    110 0       0 0 0
Adsorbate-atom-fixed:    111 0       0 0 0
Adsorbate-atom-fixed:    112 0       0 0 0
Adsorbate-atom-fixed:    113 0       0 0 0
Adsorbate-atom-fixed:    114 0       0 0 0
Adsorbate-atom-fixed:    115 0       0 0 0
Adsorbate-atom-fixed:    116 0       0 0 0
Adsorbate-atom-fixed:    117 0       0 0 0
Adsorbate-atom-fixed:    118 0       0 0 0
Adsorbate-atom-fixed:    119 0       0 0 0
Adsorbate-atom-fixed:    120 0       0 0 0
Adsorbate-atom-fixed:    121 0       0 0 0
Adsorbate-atom-fixed:    122 0       0 0 0
Adsorbate-atom-fixed:    123 0       0 0 0
Adsorbate-atom-fixed:    124 0       0 0 0
Adsorbate-atom-fixed:    125 0       0 0 0
Adsorbate-atom-fixed:    126 0       0 0 0
Adsorbate-atom-fixed:    127 0       0 0 0
Adsorbate-atom-fixed:    128 0       0 0 0
Adsorbate-atom-fixed:    129 0       0 0 0
Adsorbate-atom-fixed:    130 0       0 0 0
Adsorbate-atom-fixed:    131 0       0 0 0
Adsorbate-atom-fixed:    132 0       0 0 0
Adsorbate-atom-fixed:    133 0       0 0 0
Adsorbate-atom-fixed:    134 0       0 0 0
Adsorbate-atom-fixed:    135 0       0 0 0
Adsorbate-atom-fixed:    136 0       0 0 0
Adsorbate-atom-fixed:    137 0       0 0 0
Adsorbate-atom-fixed:    138 0       0 0 0
Adsorbate-atom-fixed:    139 0       0 0 0
Adsorbate-atom-fixed:    140 0       0 0 0
Adsorbate-atom-fixed:    141 0       0 0 0
Adsorbate-atom-fixed:    142 0       0 0 0
Adsorbate-atom-fixed:    143 0       0 0 0
Adsorbate-atom-fixed:    144 0       0 0 0
Adsorbate-atom-fixed:    145 0       0 0 0
Adsorbate-atom-fixed:    146 0       0 0 0
Adsorbate-atom-fixed:    147 0       0 0 0
Adsorbate-atom-fixed:    148 0       0 0 0
Adsorbate-atom-fixed:    149 0       0 0 0
Adsorbate-atom-fixed:    150 0       0 0 0
Adsorbate-atom-fixed:    151 0       0 0 0
Adsorbate-atom-fixed:    152 0       0 0 0
Adsorbate-atom-fixed:    153 0       0 0 0
Adsorbate-atom-fixed:    154 0       0 0 0
Adsorbate-atom-fixed:    155 0       0 0 0
Adsorbate-atom-fixed:    156 0       0 0 0
Adsorbate-atom-fixed:    157 0       0 0 0
Adsorbate-atom-fixed:    158 0       0 0 0
Adsorbate-atom-fixed:    159 0       0 0 0
Adsorbate-atom-fixed:    160 0       0 0 0
Adsorbate-atom-fixed:    161 0       0 0 0
Adsorbate-atom-fixed:    162 0       0 0 0
Adsorbate-atom-fixed:    163 0       0 0 0
Adsorbate-atom-fixed:    164 0       0 0 0
Adsorbate-atom-fixed:    165 0       0 0 0
Adsorbate-atom-fixed:    166 0       0 0 0
Adsorbate-atom-fixed:    167 0       0 0 0
Adsorbate-atom-fixed:    168 0       0 0 0
Adsorbate-atom-fixed:    169 0       0 0 0
Adsorbate-atom-fixed:    170 0       0 0 0
Adsorbate-atom-fixed:    171 0       0 0 0
Adsorbate-atom-fixed:    172 0       0 0 0
Adsorbate-atom-fixed:    173 0       0 0 0
Adsorbate-atom-fixed:    174 0       0 0 0
Adsorbate-atom-fixed:    175 0       0 0 0
Adsorbate-atom-fixed:    176 0       0 0 0
Adsorbate-atom-fixed:    177 0       0 0 0
Adsorbate-atom-fixed:    178 0       0 0 0
Adsorbate-atom-fixed:    179 0       0 0 0
Adsorbate-atom-fixed:    180 0       0 0 0
Adsorbate-atom-fixed:    181 0       0 0 0
Adsorbate-atom-fixed:    182 0       0 0 0
Adsorbate-atom-fixed:    183 0       0 0 0
Adsorbate-atom-fixed:    184 0       0 0 0
Adsorbate-atom-fixed:    185 0       0 0 0
Adsorbate-atom-fixed:    186 0       0 0 0
Adsorbate-atom-fixed:    187 0       0 0 0
Adsorbate-atom-fixed:    188 0       0 0 0
Adsorbate-atom-fixed:    189 0       0 0 0
Adsorbate-atom-fixed:    190 0       0 0 0
Adsorbate-atom-fixed:    191 0       0 0 0
Adsorbate-atom-fixed:    192 0       0 0 0
Adsorbate-atom-fixed:    193 0       0 0 0
Adsorbate-atom-fixed:    194 0       0 0 0
Adsorbate-atom-fixed:    195 0       0 0 0
Adsorbate-atom-fixed:    196 0       0 0 0
Adsorbate-atom-fixed:    197 0       0 0 0
Adsorbate-atom-fixed:    198 0       0 0 0
Adsorbate-atom-fixed:    199 0       0 0 0
Adsorbate-atom-fixed:    200 0       0 0 0
Adsorbate-atom-fixed:    201 0       0 0 0
Adsorbate-atom-fixed:    202 0       0 0 0
Adsorbate-atom-fixed:    203 0       0 0 0
Adsorbate-atom-fixed:    204 0       0 0 0
Adsorbate-atom-fixed:    205 0       0 0 0
Adsorbate-atom-fixed:    206 0       0 0 0
Adsorbate-atom-fixed:    207 0       0 0 0


