Box 26.343 26.343 26.343 90.000 90.000 90.000 
sphere 26.248 13.208 13.137 11.649 1 
sphere 13.137 0.071 13.151 11.544 1 
sphere 0.022 0.358 26.196 11.610 1 
sphere 13.189 13.177 0.049 11.521 1 
sphere 25.975 13.347 26.259 9.428 2 
sphere 25.570 26.122 13.103 9.435 2 
sphere 13.285 0.394 0.356 9.650 2 
sphere 13.255 13.104 13.235 9.430 2 
sphere 19.964 19.647 6.778 3.224 3 
sphere 6.738 19.596 6.596 2.902 3 
sphere 19.584 6.795 19.938 3.059 3 
sphere 19.844 6.655 6.667 2.929 3 
sphere 6.649 6.194 19.864 2.929 3 
sphere 6.829 6.427 6.755 2.874 3 
sphere 19.787 20.023 19.791 2.929 3 
