Cell info:
========================================================================
number-of-unit-cells: 2 2 2
unit-cell-vector-a:    26.343000000000     0.000000000000     0.000000000000
unit-cell-vector-b:     0.000000000000    26.343000000000     0.000000000000
unit-cell-vector-c:     0.000000000000     0.000000000000    26.343000000000

cell-vector-a:    52.686000000000     0.000000000000     0.000000000000
cell-vector-b:     0.000000000000    52.686000000000     0.000000000000
cell-vector-c:     0.000000000000     0.000000000000    52.686000000000

cell-lengths:    26.343000000000    26.343000000000    26.343000000000
cell-angles:    90.000000000000    90.000000000000    90.000000000000


Maximum changes for MC-moves:
========================================================================
Maximum-volume-change: 0.000500
Maximum-Gibbs-volume-change: 0.001563
Maximum-box-shape-change: 0.100000 0.100000 0.100000, 0.100000 0.100000 0.100000, 0.100000 0.100000 0.100000


Acceptance targets for MC-moves:
========================================================================
Target-volume-change: 0.500000
Target-box-shape-change: 0.500000
Target-Gibbs-volume-change: 0.500000


Components: 1 (Adsorbates 170, Cations 0)
========================================================================
Component 0 (argon)
	Fractional-molecule-id component 0: -1
	Lambda-factors component 0:  0.000000
	Number-of-biasing-factors component 0: 21
	Biasing-factors component 0:  0.000000 0.000000 0.000000 0.000000 0.000000 0.000000 0.000000 0.000000 0.000000 0.000000 0.000000 0.000000 0.000000 0.000000 0.000000 0.000000 0.000000 0.000000 0.000000 0.000000 0.000000
	Maximum-CF-Lambda-change component 0: 0.500000
	Maximum-CBCF-Lambda-change component 0: 0.500000

	Maximum-translation-change component 0: 0.336450,0.376335,0.364177
	Maximum-translation-in-plane-change component 0: 0.000000,0.000000,0.000000
	Maximum-rotation-change component 0: 0.017453 0.017453 0.017453

Reactions: 0

Component: 0     Adsorbate    170 molecules of argon NTotal (Gauge + Pore) = 0 
------------------------------------------------------------------------
Adsorbate-atom-position: 0 0     5.410327116728    20.936328673251    20.918576972311
Adsorbate-atom-position: 1 0    21.507036687267    44.438607825388    34.754749653985
Adsorbate-atom-position: 2 0    19.914969531675    32.628998706076     6.224682638939
Adsorbate-atom-position: 3 0     5.591807381239     6.154155806431    32.380528654352
Adsorbate-atom-position: 4 0     4.574844554325    21.532221368286    30.836271040948
Adsorbate-atom-position: 5 0    17.441892651977     4.048445646819     8.817554209337
Adsorbate-atom-position: 6 0    19.899336894767    31.996294232999    46.104519524401
Adsorbate-atom-position: 7 0    30.667539813476     4.268674164774    22.149140748245
Adsorbate-atom-position: 8 0    18.227427010661     5.176140926213    44.631511723340
Adsorbate-atom-position: 9 0    46.943021278684    45.929386212202    45.415261586777
Adsorbate-atom-position: 10 0    47.852879940956    47.790336082904    31.283443347643
Adsorbate-atom-position: 11 0    21.611333726057    48.115899824513     4.704351903179
Adsorbate-atom-position: 12 0    46.119053614837    19.501373318641    33.236183580317
Adsorbate-atom-position: 13 0    21.899912180044    43.922584036993    17.609847207082
Adsorbate-atom-position: 14 0    46.988254321709    33.830989379708    33.883207189922
Adsorbate-atom-position: 15 0     7.809125862404    31.805693325529    18.774421128862
Adsorbate-atom-position: 16 0    21.922900128622     4.757537927038    21.631304592326
Adsorbate-atom-position: 17 0    14.841504453411    26.744738229570    20.386466495477
Adsorbate-atom-position: 18 0    34.696299685191     8.540460889673     4.747001184883
Adsorbate-atom-position: 19 0    46.767516289712    46.569589409592    20.026411055132
Adsorbate-atom-position: 20 0     9.169198706599    17.192857008365    48.450739205267
Adsorbate-atom-position: 21 0    33.253958220327    19.656791977678     6.630276157538
Adsorbate-atom-position: 22 0     4.910383297177    31.256697797230    21.397050865511
Adsorbate-atom-position: 23 0    43.710457524909    30.623593689298     8.970482858630
Adsorbate-atom-position: 24 0     9.266291457606    22.075409306445    35.267154722040
Adsorbate-atom-position: 25 0     6.536882438018    32.252936806441    33.283292690450
Adsorbate-atom-position: 26 0    32.621458944168     7.331832452394     7.316091384461
Adsorbate-atom-position: 27 0    19.395093326209    46.920228206732    33.131426741012
Adsorbate-atom-position: 28 0    43.979917304480    17.263920060595    48.304207096636
Adsorbate-atom-position: 29 0    19.202893801642    20.274788094183    45.130080330311
Adsorbate-atom-position: 30 0    17.875076005084    44.165253099302    31.001219033891
Adsorbate-atom-position: 31 0    33.147844674416    20.378173830858    33.195628706696
Adsorbate-atom-position: 32 0    47.197573171247     6.627488328903    45.982867742831
Adsorbate-atom-position: 33 0     5.821477481803    33.225205656844     6.984859105258
Adsorbate-atom-position: 34 0     6.546553456348    46.813106261737    33.660583063774
Adsorbate-atom-position: 35 0     4.344148279788    44.244405196324     8.301368497683
Adsorbate-atom-position: 36 0    32.783946260696     6.915556096424    18.945794267326
Adsorbate-atom-position: 37 0    35.239862924783    16.967955350203     3.732770653928
Adsorbate-atom-position: 38 0    21.742695015307     8.531882540473     8.777720350429
Adsorbate-atom-position: 39 0    48.119422185118    34.692974062339    43.540677346720
Adsorbate-atom-position: 40 0    35.230005694410    22.066567119218    17.755065798206
Adsorbate-atom-position: 41 0    43.498158722178     4.036146296858     9.375609680791
Adsorbate-atom-position: 42 0    22.103730224612    35.131491149171    17.546950361352
Adsorbate-atom-position: 43 0    48.094367982958    21.681162402785    30.849915754220
Adsorbate-atom-position: 44 0    22.038049853745     8.735216705135    43.919845458075
Adsorbate-atom-position: 45 0    19.256474092037     6.716566614159     6.168586929083
Adsorbate-atom-position: 46 0    31.083441254530    44.158362395016     8.538397317477
Adsorbate-atom-position: 47 0    45.242133084804    45.211317089399    31.790012079364
Adsorbate-atom-position: 48 0    32.218085107123    19.976513290763    46.181722057148
Adsorbate-atom-position: 49 0     8.987028188743    43.584934013377    22.018454924884
Adsorbate-atom-position: 50 0     3.999947353307    30.541859426679    30.825325323078
Adsorbate-atom-position: 51 0    33.574887078033    46.105273719341     6.608243732913
Adsorbate-atom-position: 52 0    52.461839026201     9.427203655545    50.603495355707
Adsorbate-atom-position: 53 0     4.629571421253     4.502603198336    48.352423774049
Adsorbate-atom-position: 54 0    19.815386108730    46.567561793028    19.245380441925
Adsorbate-atom-position: 55 0    43.973086181912     4.291973914363    17.402471717367
Adsorbate-atom-position: 56 0    21.643093836906    30.921343856009    30.925372439190
Adsorbate-atom-position: 57 0    35.012134635091     4.396740121879     8.947077882246
Adsorbate-atom-position: 58 0    21.729853048905    17.689959419756     8.636505621670
Adsorbate-atom-position: 59 0    18.825596511102    46.407010109524    46.136402414715
Adsorbate-atom-position: 60 0     7.062351880751    45.583259394058     6.142236572532
Adsorbate-atom-position: 61 0    44.495520207676    47.623351155152    34.766463499624
Adsorbate-atom-position: 62 0    48.277992872433    17.400629421279    34.903431992868
Adsorbate-atom-position: 63 0     6.284707554923    19.397505551854    33.115658783571
Adsorbate-atom-position: 64 0    18.421990535649     5.162532927680    18.549321790042
Adsorbate-atom-position: 65 0    18.719159199197    18.995374799095     5.808089451069
Adsorbate-atom-position: 66 0     4.590750874726    31.174179196203    48.239000522885
Adsorbate-atom-position: 67 0    17.484037021803    44.152810583888     4.867752345532
Adsorbate-atom-position: 68 0    35.371336634061    17.427727883897    30.905219588636
Adsorbate-atom-position: 69 0    19.834684289062    32.711978040787    19.145513364598
Adsorbate-atom-position: 70 0    32.515862315343    32.634654393953    46.641272363052
Adsorbate-atom-position: 71 0     6.972235106812     6.877550553771    45.538871570438
Adsorbate-atom-position: 72 0    20.610193143704    33.266440329798    33.647107847363
Adsorbate-atom-position: 73 0     4.212775553192    21.996449004481    48.706876776110
Adsorbate-atom-position: 74 0    45.840505472574    46.990960865663     7.336158576541
Adsorbate-atom-position: 75 0    30.854738683498    30.599414072530    30.274459334070
Adsorbate-atom-position: 76 0    17.997140121605     8.451170001049    21.554371505073
Adsorbate-atom-position: 77 0    45.666670089792     7.472882317428    20.187467043712
Adsorbate-atom-position: 78 0    17.389581056173    34.935829908009    21.967214669904
Adsorbate-atom-position: 79 0     6.738793479764    19.590831906300     7.757058596506
Adsorbate-atom-position: 80 0     8.944746901461     8.998937374602    48.759129190198
Adsorbate-atom-position: 81 0     4.140428652324    17.583799423934    17.509933782672
Adsorbate-atom-position: 82 0     6.510728020333    19.778118709921    47.120803913539
Adsorbate-atom-position: 83 0    31.115725971823    21.852404334700     4.589743583469
Adsorbate-atom-position: 84 0    48.182721155703    17.323940924704     8.833901673481
Adsorbate-atom-position: 85 0    19.535881161915    19.178375930784    20.169241182015
Adsorbate-atom-position: 86 0     8.519140464828     8.887894390660    21.784566925347
Adsorbate-atom-position: 87 0    46.435884410372     7.061937628413    33.936218204943
Adsorbate-atom-position: 88 0     4.598922009195    44.403243441726    18.007611310364
Adsorbate-atom-position: 89 0     8.881462511008    30.650081171507    35.389527611569
Adsorbate-atom-position: 90 0    48.259366320657    48.108629208289     4.841205761768
Adsorbate-atom-position: 91 0    17.579927657099     4.429606745466    35.471810464945
Adsorbate-atom-position: 92 0    45.704316948371    32.770521238834     6.392521559891
Adsorbate-atom-position: 93 0    19.962799996751    20.261362340086    32.185569903653
Adsorbate-atom-position: 94 0     8.396119016971     8.133596216732    31.106421169517
Adsorbate-atom-position: 95 0     4.014959471169    17.650047351006    43.875011520083
Adsorbate-atom-position: 96 0    21.643226051720     4.792363030659    31.118661509337
Adsorbate-atom-position: 97 0    35.208057480078    35.166252669052    30.369187860425
Adsorbate-atom-position: 98 0     8.420372925592     4.539894245332    35.069535973072
Adsorbate-atom-position: 99 0    35.107884170811    17.193164215565    48.748521040886
Adsorbate-atom-position: 100 0    44.065030202133    21.924556006235     8.715413609979
Adsorbate-atom-position: 101 0    45.291620520518    32.172139890265    18.868337929904
Adsorbate-atom-position: 102 0     4.400407419320    21.738459665780     4.631125797617
Adsorbate-atom-position: 103 0    43.603656379873    22.476862721125    43.703649662260
Adsorbate-atom-position: 104 0    35.841040821929    43.353670893473     4.114116595413
Adsorbate-atom-position: 105 0     3.917448677387    48.563305937803    22.087038786015
Adsorbate-atom-position: 106 0    48.131263877065    21.659681754920    48.593384587236
Adsorbate-atom-position: 107 0     7.106521399803     6.782764161942     7.160090160549
Adsorbate-atom-position: 108 0    46.004063824302    32.321559363954    45.530347227113
Adsorbate-atom-position: 109 0    45.888281967807    19.844206223675    45.025445716200
Adsorbate-atom-position: 110 0     5.959548146066    45.205162805834    45.649628183778
Adsorbate-atom-position: 111 0     6.754162858544     6.149803161669    20.021865260968
Adsorbate-atom-position: 112 0    32.712982999451    32.129884875821    33.208533696672
Adsorbate-atom-position: 113 0     8.953154365150    22.081694945120     9.664998867584
Adsorbate-atom-position: 114 0    34.889063929485    31.425926601188    17.945049597766
Adsorbate-atom-position: 115 0    32.867043112145    33.587103722278     7.065452753665
Adsorbate-atom-position: 116 0    31.150460627170    47.719858706999    21.517488593835
Adsorbate-atom-position: 117 0    34.798184619363    31.148482881210    44.284380639908
Adsorbate-atom-position: 118 0    33.184566392896    46.513809143306    34.160567603368
Adsorbate-atom-position: 119 0    21.527444231436    21.295161810180     5.039959684488
Adsorbate-atom-position: 120 0    21.673268923344    17.104087611672    17.470739508816
Adsorbate-atom-position: 121 0    35.348261733930    21.778812686060    43.998093568339
Adsorbate-atom-position: 122 0    16.927152918516    22.906648292550    35.453743409923
Adsorbate-atom-position: 123 0    30.491944923758    48.139403162982     4.428802643393
Adsorbate-atom-position: 124 0    46.505966241669    19.729001405164     5.912704653214
Adsorbate-atom-position: 125 0    47.690138297055    44.633962712186    34.403918289901
Adsorbate-atom-position: 126 0    47.990932427782     4.439098175313     4.565849361917
Adsorbate-atom-position: 127 0    44.256853535574    47.949413160187    44.371260671827
Adsorbate-atom-position: 128 0     7.318630895806    46.143721789640    20.089244273671
Adsorbate-atom-position: 129 0    16.952037047410    17.435540286927    30.506711048766
Adsorbate-atom-position: 130 0    18.043844344153     8.390102381430    47.711011010408
Adsorbate-atom-position: 131 0    43.947606975559    17.803445708775    31.076449319762
Adsorbate-atom-position: 132 0    48.743222299728     8.893483339120    17.275336227677
Adsorbate-atom-position: 133 0    21.973031483864     4.453025176314     4.359361727259
Adsorbate-atom-position: 134 0    30.091632433077    48.808013429930    30.657657439273
Adsorbate-atom-position: 135 0    17.693323162202    31.066493885800    43.685750846087
Adsorbate-atom-position: 136 0    34.156495058735    46.431502963945    45.699493593130
Adsorbate-atom-position: 137 0    48.310539634393    30.603365233886     4.181138962344
Adsorbate-atom-position: 138 0    19.440060389732     7.080387630618    33.825147679299
Adsorbate-atom-position: 139 0    32.484685004734     7.048161495320    33.825868610087
Adsorbate-atom-position: 140 0    33.289163183468    46.555137301677    18.944902798499
Adsorbate-atom-position: 141 0    46.207154015690     6.235956358601     7.022723956414
Adsorbate-atom-position: 142 0    21.830683448772    44.090903553988    44.241152666561
Adsorbate-atom-position: 143 0     4.341743992909     9.170740922985    17.536888572222
Adsorbate-atom-position: 144 0    48.886239726979    44.064717643754    17.394777551070
Adsorbate-atom-position: 145 0     4.248202780122     8.977176464077    44.048541033632
Adsorbate-atom-position: 146 0    20.257296564418    45.651486931342     7.145602868978
Adsorbate-atom-position: 147 0    20.897672755597     5.266286438295    47.574173804529
Adsorbate-atom-position: 148 0    17.659372351734    21.842111049760    17.605204167282
Adsorbate-atom-position: 149 0    32.261641724409    32.019252560307    20.547575363254
Adsorbate-atom-position: 150 0    49.052591648633    48.567778326136    21.875635224085
Adsorbate-atom-position: 151 0    30.527024486809    43.831155023885    17.298209354335
Adsorbate-atom-position: 152 0     4.610712508594     8.904689206119    34.743799749289
Adsorbate-atom-position: 153 0    30.875718707894    17.814967255065    34.794159069518
Adsorbate-atom-position: 154 0     8.511544925805    35.086229970837     4.692749221668
Adsorbate-atom-position: 155 0     8.307757672897    21.693119421174    17.565458908384
Adsorbate-atom-position: 156 0    47.787609467919     4.930283901732    31.417690201674
Adsorbate-atom-position: 157 0     7.576190173020    32.275745221251    44.978893650504
Adsorbate-atom-position: 158 0    21.132968177639    21.316658941455    48.028686167549
Adsorbate-atom-position: 159 0    43.814636254967     4.492668328074    44.109688358612
Adsorbate-atom-position: 160 0    32.825181098865     6.711307626172    45.691633145871
Adsorbate-atom-position: 161 0    22.358833628139    30.559624685689    22.185612985393
Adsorbate-atom-position: 162 0     3.991842334670    48.847322365130    49.221885199970
Adsorbate-atom-position: 163 0     8.081304305358    18.420049314691    21.134533226908
Adsorbate-atom-position: 164 0    34.605977333386    44.016658986052    31.161614006906
Adsorbate-atom-position: 165 0     4.169638428954    35.444453473160     9.147018829590
Adsorbate-atom-position: 166 0    17.945355510482    48.338346494273     8.531216856428
Adsorbate-atom-position: 167 0    43.582435491995     8.894597719701    30.338169330922
Adsorbate-atom-position: 168 0    33.290675619436    19.281028549047    20.100230446627
Adsorbate-atom-position: 169 0     1.025345708919    14.497161113510    31.472286952953
Adsorbate-atom-velocity: 0 0    -1.187562629544    -0.231033397056    -0.311651578993
Adsorbate-atom-velocity: 1 0    -1.087995578566     1.027759414631     2.408230587704
Adsorbate-atom-velocity: 2 0     0.702514353720    -0.950412162612    -1.377031936732
Adsorbate-atom-velocity: 3 0    -0.410977681121    -1.976773467244     0.805376566422
Adsorbate-atom-velocity: 4 0     2.532999890675     0.037023249660     0.737581514923
Adsorbate-atom-velocity: 5 0     0.440751715913    -1.477838713412    -1.397641299380
Adsorbate-atom-velocity: 6 0    -4.324460486314     0.479539308359    -2.028604474940
Adsorbate-atom-velocity: 7 0    -1.485689194087    -0.392567858533    -0.949163211431
Adsorbate-atom-velocity: 8 0     0.012772502736     0.430295705777     1.163429644517
Adsorbate-atom-velocity: 9 0     0.083972282541     1.247230367214    -2.430298632979
Adsorbate-atom-velocity: 10 0     1.255534534186     0.049257398358    -0.327154601018
Adsorbate-atom-velocity: 11 0     1.610572944943    -0.051873447492     1.219153280910
Adsorbate-atom-velocity: 12 0     1.090152335012    -0.628830596181    -1.294675121983
Adsorbate-atom-velocity: 13 0    -0.653537831763    -1.896617154450    -0.964619502089
Adsorbate-atom-velocity: 14 0     0.627525021346    -1.038947807334    -0.617396400132
Adsorbate-atom-velocity: 15 0     0.604130473390     1.035290847638     2.802358111565
Adsorbate-atom-velocity: 16 0     0.520834063878     2.558868870213     2.048958885634
Adsorbate-atom-velocity: 17 0    -0.911095615321    -1.121186126122    -0.510200256074
Adsorbate-atom-velocity: 18 0     2.152575944255    -0.357618725314    -2.524937063652
Adsorbate-atom-velocity: 19 0    -1.233935259515     2.270551601687    -0.774224920150
Adsorbate-atom-velocity: 20 0    -1.419870247989     0.227815497722    -0.115044494282
Adsorbate-atom-velocity: 21 0     0.494927586142    -0.084356838090     1.028835861724
Adsorbate-atom-velocity: 22 0     2.286086484683     1.823247524537     0.088103526155
Adsorbate-atom-velocity: 23 0     0.229272728776     0.129410341027     0.999237114203
Adsorbate-atom-velocity: 24 0     0.946413850154    -4.521312784084    -0.378261788898
Adsorbate-atom-velocity: 25 0    -1.753810593921    -0.439782315065    -1.366216281039
Adsorbate-atom-velocity: 26 0     0.545722180438    -1.279118295879     0.194345975002
Adsorbate-atom-velocity: 27 0     1.201553323829    -1.267336610245     0.874343075285
Adsorbate-atom-velocity: 28 0     0.976297941848     0.287637609676     2.121873728048
Adsorbate-atom-velocity: 29 0    -1.189059652313    -1.652817154065     0.173320854987
Adsorbate-atom-velocity: 30 0     1.771386635707    -0.917190784016    -1.131632531575
Adsorbate-atom-velocity: 31 0    -2.662852080648     0.335544954160    -0.123416774891
Adsorbate-atom-velocity: 32 0    -0.749804841526     0.221491342441     2.635757688971
Adsorbate-atom-velocity: 33 0     1.108716889565     0.157016249804     0.275190188608
Adsorbate-atom-velocity: 34 0     0.377725916090    -0.431290686048    -1.809955535499
Adsorbate-atom-velocity: 35 0     2.473440718996    -2.276348888842     1.219688203183
Adsorbate-atom-velocity: 36 0    -1.256317120857     0.088961116373     2.112717402465
Adsorbate-atom-velocity: 37 0    -0.636517332487     2.720837194580    -1.608619524585
Adsorbate-atom-velocity: 38 0    -3.472247536971    -0.645708682245    -1.422536384664
Adsorbate-atom-velocity: 39 0    -0.189666492406    -1.251434168446     0.758867769155
Adsorbate-atom-velocity: 40 0    -0.499970024103    -0.945605009754    -0.020651273584
Adsorbate-atom-velocity: 41 0    -2.877425713270     0.538261916679    -0.408991441377
Adsorbate-atom-velocity: 42 0     1.502597435362    -3.200729057200    -0.617151027733
Adsorbate-atom-velocity: 43 0     0.137484784098     1.696814283564     2.072442760030
Adsorbate-atom-velocity: 44 0     0.602918227793     1.092624286998    -2.644607692996
Adsorbate-atom-velocity: 45 0    -0.940499097784     1.737703892811    -0.347203480919
Adsorbate-atom-velocity: 46 0    -1.403101164209    -0.056064211703     1.684571875550
Adsorbate-atom-velocity: 47 0     0.400426484328     1.583600514887     0.135223786161
Adsorbate-atom-velocity: 48 0     0.650221615328     1.445346466991     0.037200900591
Adsorbate-atom-velocity: 49 0    -0.776568036291     0.459375981648     1.115098178757
Adsorbate-atom-velocity: 50 0    -2.361375349974    -1.727606148423     0.274527592423
Adsorbate-atom-velocity: 51 0    -0.776892146686     0.471381268750    -1.289959110840
Adsorbate-atom-velocity: 52 0    -0.319114733131    -3.216485073773    -1.048038661465
Adsorbate-atom-velocity: 53 0     0.063655557680     2.221377595636     1.848729264298
Adsorbate-atom-velocity: 54 0     1.915017793820     1.876128635539     2.179095847734
Adsorbate-atom-velocity: 55 0     0.203256119155     0.046756722895     0.746703399720
Adsorbate-atom-velocity: 56 0    -0.121755932781    -0.426261816931    -0.476564034215
Adsorbate-atom-velocity: 57 0    -1.248654747219     0.640757620852    -1.437287692256
Adsorbate-atom-velocity: 58 0    -1.017967552881    -0.099043938984     0.265066730558
Adsorbate-atom-velocity: 59 0    -1.207289830984    -0.180836239955    -0.550362193499
Adsorbate-atom-velocity: 60 0    -0.817536435072    -0.437670875438     0.804841544199
Adsorbate-atom-velocity: 61 0     1.719987461447     0.430829556009    -0.393378365544
Adsorbate-atom-velocity: 62 0     2.347139616353     2.347891780580    -0.896305147228
Adsorbate-atom-velocity: 63 0    -0.795381525088    -1.074593675551    -1.220205286787
Adsorbate-atom-velocity: 64 0     0.464663304667     1.714577683392    -0.587189983296
Adsorbate-atom-velocity: 65 0     1.244520863169     0.176753186504    -0.281522861865
Adsorbate-atom-velocity: 66 0    -0.857660947601    -1.239313473306     0.475002870187
Adsorbate-atom-velocity: 67 0    -0.866049648443     0.539561182384    -1.232742370853
Adsorbate-atom-velocity: 68 0     0.958648642239     0.797550591996    -1.439506995760
Adsorbate-atom-velocity: 69 0     1.757753306225     0.598482216708     0.878920773121
Adsorbate-atom-velocity: 70 0    -0.481855311526    -1.534792398686    -1.209620519133
Adsorbate-atom-velocity: 71 0    -0.663989903062     2.049296778890     1.177290600316
Adsorbate-atom-velocity: 72 0     0.430815437547     2.292150671027     0.310560569557
Adsorbate-atom-velocity: 73 0     1.587233094653     0.594924110143    -1.156763797287
Adsorbate-atom-velocity: 74 0    -1.866183792781    -2.311813705865    -0.275693193025
Adsorbate-atom-velocity: 75 0     0.208311244307     0.238432900124    -0.846281030401
Adsorbate-atom-velocity: 76 0     2.080368476291     0.637473747494    -1.707129870520
Adsorbate-atom-velocity: 77 0     0.308553685956     1.316944075329     0.000388501143
Adsorbate-atom-velocity: 78 0    -0.031943749125     0.790454461965    -1.202010744146
Adsorbate-atom-velocity: 79 0     1.413996438322     0.918965263580     0.918291070786
Adsorbate-atom-velocity: 80 0    -0.772451173188     0.464099166530     0.273052645685
Adsorbate-atom-velocity: 81 0    -0.253632943949     0.514349856774    -0.591476885209
Adsorbate-atom-velocity: 82 0    -0.228868350638     1.658116803066    -0.924090181968
Adsorbate-atom-velocity: 83 0     0.999253390794    -0.887228683700     1.449519231970
Adsorbate-atom-velocity: 84 0     2.352802375476    -0.855701081912    -1.728584919479
Adsorbate-atom-velocity: 85 0    -0.218332518333    -2.848135212608     0.625196721704
Adsorbate-atom-velocity: 86 0     0.518016617966    -0.293640627099     0.565101652728
Adsorbate-atom-velocity: 87 0     0.282325075839    -1.127197637423     0.689667524763
Adsorbate-atom-velocity: 88 0    -0.823158731377     0.490174576620    -0.892601004522
Adsorbate-atom-velocity: 89 0    -2.062158418704    -1.509395081279     0.718179377792
Adsorbate-atom-velocity: 90 0     0.010399916345    -1.252844195308     1.857922659633
Adsorbate-atom-velocity: 91 0     0.166581971833     2.607220723057     0.261156323671
Adsorbate-atom-velocity: 92 0    -1.995879798544     0.078938947915    -1.226159854200
Adsorbate-atom-velocity: 93 0    -0.512653866613     2.283872774198     1.495720298556
Adsorbate-atom-velocity: 94 0    -1.056558349597    -2.573730007970    -0.438088964921
Adsorbate-atom-velocity: 95 0    -0.202161772836     0.055767594695    -0.588091368310
Adsorbate-atom-velocity: 96 0    -1.768810902952    -0.078491087288    -0.963350533359
Adsorbate-atom-velocity: 97 0     1.149851644424    -1.350097803107    -1.610258220974
Adsorbate-atom-velocity: 98 0    -0.633697698806    -2.911284645145     2.642424915985
Adsorbate-atom-velocity: 99 0    -1.312550078025     0.652064048893    -0.595481019852
Adsorbate-atom-velocity: 100 0    -0.390753107035     0.643302646559    -1.492057713634
Adsorbate-atom-velocity: 101 0     2.247254807355     1.328305694675     0.344246044777
Adsorbate-atom-velocity: 102 0    -1.587539010442    -0.232138965099     1.654409290189
Adsorbate-atom-velocity: 103 0     3.307149744949    -0.806507140239    -2.598840465024
Adsorbate-atom-velocity: 104 0     0.127557756271    -0.418191866410     0.236469729754
Adsorbate-atom-velocity: 105 0     0.946036730960     0.464195245899     1.722983263613
Adsorbate-atom-velocity: 106 0     1.755219707368    -0.238768243797     2.084793452531
Adsorbate-atom-velocity: 107 0     0.593677408297     2.022567744062     0.528543745600
Adsorbate-atom-velocity: 108 0     0.338889228321    -1.255189400064     0.375780209661
Adsorbate-atom-velocity: 109 0    -0.465348441444    -0.526236518176    -1.296677640395
Adsorbate-atom-velocity: 110 0     4.230083061543    -0.236087046822     0.365589792097
Adsorbate-atom-velocity: 111 0    -0.396270253450    -0.610537193156    -1.338328496297
Adsorbate-atom-velocity: 112 0    -2.235298809973     0.062764167625     0.343033120768
Adsorbate-atom-velocity: 113 0     1.340511086366    -1.720012785320     1.184384747868
Adsorbate-atom-velocity: 114 0     1.235390274295    -0.429999678809    -0.967694661439
Adsorbate-atom-velocity: 115 0     2.046909205449     0.287534470496    -0.577386400644
Adsorbate-atom-velocity: 116 0     0.361771052014     2.914002270676     1.475193803380
Adsorbate-atom-velocity: 117 0    -1.530594475015     0.332101057268     1.911905290887
Adsorbate-atom-velocity: 118 0     0.613944950583    -0.405985435143    -0.025849714068
Adsorbate-atom-velocity: 119 0     0.968081769443     0.893816860215    -0.367292731161
Adsorbate-atom-velocity: 120 0    -0.103809362687    -0.821060193465    -0.350803355356
Adsorbate-atom-velocity: 121 0    -0.747551313027    -0.645992724072     0.310743300450
Adsorbate-atom-velocity: 122 0    -0.284773269958    -0.537987239584     0.051740741655
Adsorbate-atom-velocity: 123 0    -0.704214286139     1.010141908544     0.105990047233
Adsorbate-atom-velocity: 124 0     0.242398405345    -3.329407655491     0.411327599729
Adsorbate-atom-velocity: 125 0    -0.121342120061     1.118273104438     0.610840667229
Adsorbate-atom-velocity: 126 0     3.117843988021     2.165313901506    -1.503852596625
Adsorbate-atom-velocity: 127 0    -0.977509164491     0.037108744656     0.499170298165
Adsorbate-atom-velocity: 128 0    -0.785316118053     1.003492510637     2.080516734251
Adsorbate-atom-velocity: 129 0     1.199120320995     0.983278032012    -0.831998800264
Adsorbate-atom-velocity: 130 0    -2.155444912822     0.125993787755     0.623311943712
Adsorbate-atom-velocity: 131 0     0.801248033311    -2.413983810279    -0.847535189624
Adsorbate-atom-velocity: 132 0    -1.354473693779     2.615278415376    -1.385601020743
Adsorbate-atom-velocity: 133 0     1.743942709831    -1.615716541731     0.967421960500
Adsorbate-atom-velocity: 134 0     1.005644238006    -4.300382923357     0.518520210322
Adsorbate-atom-velocity: 135 0     1.937779447129    -0.431034875046    -1.289723256638
Adsorbate-atom-velocity: 136 0    -0.319254548852     0.626356165145     1.142632187576
Adsorbate-atom-velocity: 137 0    -1.988696435001    -1.018220049358    -0.775267809431
Adsorbate-atom-velocity: 138 0     1.157844972735     0.444367985913    -0.378008256449
Adsorbate-atom-velocity: 139 0     0.732016784889     0.114720724124    -0.781599463739
Adsorbate-atom-velocity: 140 0     1.376545336762     1.379871503736     1.689056851614
Adsorbate-atom-velocity: 141 0     1.096170857064    -1.059205708223    -2.222645356299
Adsorbate-atom-velocity: 142 0    -1.542265819084     0.054265159757    -0.495453639068
Adsorbate-atom-velocity: 143 0    -0.062955393429    -2.192267128106     1.533136339283
Adsorbate-atom-velocity: 144 0    -1.110219379928     2.539919967630    -0.482096446048
Adsorbate-atom-velocity: 145 0     1.924984025766    -1.333093747539     3.440269176175
Adsorbate-atom-velocity: 146 0    -2.228330500402    -1.255942692241    -2.191798371455
Adsorbate-atom-velocity: 147 0     0.260686793658     1.722204559782    -0.360034015789
Adsorbate-atom-velocity: 148 0    -1.737702123573    -0.512972801371     0.222678165407
Adsorbate-atom-velocity: 149 0     0.462313762321    -1.418253251499     0.874629328331
Adsorbate-atom-velocity: 150 0    -0.630343615638    -1.473012737742     0.969901552552
Adsorbate-atom-velocity: 151 0     1.629103771468    -0.692789662666    -2.389893299758
Adsorbate-atom-velocity: 152 0     1.021720404087     0.369833296868    -1.060546695190
Adsorbate-atom-velocity: 153 0    -0.102402923890    -0.487829963443    -0.095615643900
Adsorbate-atom-velocity: 154 0    -1.716129875128     1.537271992564    -0.967100945251
Adsorbate-atom-velocity: 155 0     1.195132800574     0.660635810041     0.822037891193
Adsorbate-atom-velocity: 156 0     0.351304484644    -1.330158909100    -0.134827983843
Adsorbate-atom-velocity: 157 0     1.417385402974     1.416935243153     0.940906986811
Adsorbate-atom-velocity: 158 0     0.044564467883    -0.835349943384    -0.979961748750
Adsorbate-atom-velocity: 159 0     0.122386698574    -1.258957993716     1.361166853674
Adsorbate-atom-velocity: 160 0    -0.695362727852    -0.071550027217    -1.128721282557
Adsorbate-atom-velocity: 161 0     0.332602430327    -3.287316090326     0.343385545842
Adsorbate-atom-velocity: 162 0     1.440963495312     0.425844453516     0.339476193721
Adsorbate-atom-velocity: 163 0    -0.969520959455    -0.791905704170    -1.257101299684
Adsorbate-atom-velocity: 164 0     0.776807725081     2.337934991858    -2.198088255706
Adsorbate-atom-velocity: 165 0     0.439946347754    -0.489774765699    -0.437871698416
Adsorbate-atom-velocity: 166 0     0.757352202445    -0.347152143797    -0.514353335628
Adsorbate-atom-velocity: 167 0     0.615481792228     0.776469737291    -1.586606402156
Adsorbate-atom-velocity: 168 0    -1.174662855599     0.093841633867     1.766558410043
Adsorbate-atom-velocity: 169 0    -0.891593667256     2.220425194512     1.280963956996
Adsorbate-atom-force:    0 0    27.950495722467   -27.075321396145  -117.935922616710
Adsorbate-atom-force:    1 0    18.342715710521  -378.043229230796  -170.777370332727
Adsorbate-atom-force:    2 0    35.949778860754   -10.436706291441    -9.630146674409
Adsorbate-atom-force:    3 0   238.441844879855  -273.339546400387   146.667688565037
Adsorbate-atom-force:    4 0    77.580457845218   778.094889078982   145.444778007375
Adsorbate-atom-force:    5 0   101.300898196795   272.327149440025     4.259300806480
Adsorbate-atom-force:    6 0   338.772210890020   408.270596921547   612.089254166688
Adsorbate-atom-force:    7 0    41.510315780650   111.758750538164  -182.650824464849
Adsorbate-atom-force:    8 0   265.009022313893   -95.111740088541   135.312115136588
Adsorbate-atom-force:    9 0  -166.834219127479  -668.382503355880   520.730029218806
Adsorbate-atom-force:    10 0  -139.677787571853     5.162730558843   -90.489811348185
Adsorbate-atom-force:    11 0   148.656126759396  -170.972226954681   -89.667828847130
Adsorbate-atom-force:    12 0   -81.581660372487   514.847470428615   -16.599419852491
Adsorbate-atom-force:    13 0     5.882482004288    39.665455674741     7.765158240802
Adsorbate-atom-force:    14 0    -4.637450624102   -28.481682774999   -99.336442489576
Adsorbate-atom-force:    15 0  -357.681190090498   172.309443591913  -231.336777876359
Adsorbate-atom-force:    16 0  -430.095345982976  -304.053953516509   104.828681162074
Adsorbate-atom-force:    17 0  -129.609332547556  -173.733566852707    48.142479876073
Adsorbate-atom-force:    18 0   465.520393404663  -113.282490633593  -256.824790925294
Adsorbate-atom-force:    19 0  -210.431347918356  -240.497809240142   -80.543011625730
Adsorbate-atom-force:    20 0  -211.171039100943   197.168776564047   -41.101868313300
Adsorbate-atom-force:    21 0    94.728461966230   -91.225919714994    -2.569799689384
Adsorbate-atom-force:    22 0    79.446699336073    42.337245115620    34.974433711766
Adsorbate-atom-force:    23 0   143.187880239590    61.264078787140  -144.291708847915
Adsorbate-atom-force:    24 0  -289.120015189451   -36.225750663102   -58.526730507755
Adsorbate-atom-force:    25 0   -41.571210743482   276.817119093342  -372.523444065742
Adsorbate-atom-force:    26 0  -449.543601200619  -395.102758125938    60.275397527750
Adsorbate-atom-force:    27 0    -6.741735390161   -35.920160695864    62.018463255154
Adsorbate-atom-force:    28 0  -137.774032838785   318.557188778804   -42.971142697928
Adsorbate-atom-force:    29 0   -83.260964089606    30.742994457551   110.137146916545
Adsorbate-atom-force:    30 0   -67.280818073120    41.642819600561    46.358584079412
Adsorbate-atom-force:    31 0    85.479214526104   -60.862687060570   -33.868881761664
Adsorbate-atom-force:    32 0  -449.268573686340    77.416206947581    68.567784431822
Adsorbate-atom-force:    33 0   302.388058073549  -124.026095462673  -277.519244188621
Adsorbate-atom-force:    34 0   631.406954010129  -611.136769533479  -611.903334213707
Adsorbate-atom-force:    35 0   535.848038096914   -38.197628592849   826.514690207732
Adsorbate-atom-force:    36 0  -154.430959562923  -119.428155786056   177.588891038427
Adsorbate-atom-force:    37 0    51.876000462498   236.724946558292   254.823330376866
Adsorbate-atom-force:    38 0    31.248542493902   148.276135515095  -300.869769195962
Adsorbate-atom-force:    39 0   -58.285533729800  1463.162934511478   814.530558708731
Adsorbate-atom-force:    40 0  -234.607679537880  -254.789383482285  -352.696997523709
Adsorbate-atom-force:    41 0   202.767560328824   172.738104675030  -239.969747566546
Adsorbate-atom-force:    42 0  -107.025634441997    56.350144387495   -17.629266676130
Adsorbate-atom-force:    43 0   -17.022036910934   156.372760213477   159.092559398488
Adsorbate-atom-force:    44 0  -187.180761346830   -14.598826515444    64.183332140263
Adsorbate-atom-force:    45 0    75.808250207541    39.703934913482    93.595837479447
Adsorbate-atom-force:    46 0  -234.623645178401    44.708047097683   -70.899340805132
Adsorbate-atom-force:    47 0  -256.691700253729    -9.577737604613   237.008091245741
Adsorbate-atom-force:    48 0   151.080704298097   -40.119649445938    61.640632888934
Adsorbate-atom-force:    49 0   -45.933147991042    66.027406063097   120.100200889867
Adsorbate-atom-force:    50 0   309.645612763074   160.944880796432  -309.595734175325
Adsorbate-atom-force:    51 0     5.223637185083    36.710378973359  -117.507416895035
Adsorbate-atom-force:    52 0    71.331166268521  -123.004884463714  -188.179143604570
Adsorbate-atom-force:    53 0  -259.296378237663    93.574930969790  -303.643481944279
Adsorbate-atom-force:    54 0  -194.861000023394  -102.132361392005   149.623690675341
Adsorbate-atom-force:    55 0  -112.442705826066   163.821373183798   206.764138416834
Adsorbate-atom-force:    56 0   216.601861007103    70.422837995705    57.811785813080
Adsorbate-atom-force:    57 0   128.160205018335   100.333189694852  -258.066605706834
Adsorbate-atom-force:    58 0    65.161704465634   129.469984965640  -125.487443361684
Adsorbate-atom-force:    59 0   399.809632871857  -346.048416939931  -358.178093913008
Adsorbate-atom-force:    60 0    63.055923301522    15.908464158668   -67.154690094089
Adsorbate-atom-force:    61 0    59.379776127912   389.844415676975  -534.985692763180
Adsorbate-atom-force:    62 0   228.815442309194   -39.497422446390   653.151087175253
Adsorbate-atom-force:    63 0   149.182922322669  -137.121423457370   230.175743826536
Adsorbate-atom-force:    64 0   207.855135968667   389.238078529617  -248.352246563870
Adsorbate-atom-force:    65 0   242.410471580360  -119.552437915064    39.506857344107
Adsorbate-atom-force:    66 0   239.846606501118  -725.367981356160  -426.883856011072
Adsorbate-atom-force:    67 0   614.416663552929   204.192809411014  -999.249175140670
Adsorbate-atom-force:    68 0  -312.871705333287   229.023105268644  -396.158295032197
Adsorbate-atom-force:    69 0  -163.833295193858    25.267141451142   197.719896162057
Adsorbate-atom-force:    70 0  -126.847708537147    23.824593926425   114.222065935321
Adsorbate-atom-force:    71 0  -257.916357930403  -314.513473129157   381.408044854973
Adsorbate-atom-force:    72 0  -308.428885605077   364.746018798870  -234.132863570499
Adsorbate-atom-force:    73 0   -74.083959609066   229.865861568741  -126.446048330431
Adsorbate-atom-force:    74 0  -598.674980791329  -508.073770634289  -360.044911865826
Adsorbate-atom-force:    75 0  -435.824317979129    97.989008045704   342.158338070556
Adsorbate-atom-force:    76 0  -117.018213872352  -202.760591334052   -20.823595364197
Adsorbate-atom-force:    77 0    -9.003784977966  -184.526088991339   -41.803849970308
Adsorbate-atom-force:    78 0   311.564841284553   312.915365956618  -161.463186590901
Adsorbate-atom-force:    79 0  -606.440545556948   616.069791996011  -801.856398808807
Adsorbate-atom-force:    80 0   -78.290771519193  -123.367711095848  -270.428205032382
Adsorbate-atom-force:    81 0   253.261573515010   -41.759886454351    80.544866828971
Adsorbate-atom-force:    82 0   215.576385388003  -150.184097030620  -429.611770541618
Adsorbate-atom-force:    83 0  -523.444941379987  -219.279175196646    73.440970085510
Adsorbate-atom-force:    84 0   203.393122350359   294.877839677637  -132.501649227603
Adsorbate-atom-force:    85 0   -80.621369771873    49.693365635769  -103.615684489006
Adsorbate-atom-force:    86 0   366.152087079180  -272.303741048578    65.749399102131
Adsorbate-atom-force:    87 0    64.298074830564    48.351627502925  -151.004058548831
Adsorbate-atom-force:    88 0   395.935155440737  -331.475500660203   -83.535196321702
Adsorbate-atom-force:    89 0   156.558145302715  -117.531958101979     0.534253185746
Adsorbate-atom-force:    90 0  -329.470628416161  -192.858246703838  -924.450234462932
Adsorbate-atom-force:    91 0  -142.259987437668  -225.754572050379  -234.878210731279
Adsorbate-atom-force:    92 0    49.537028932723    -2.297598962016    33.839745740283
Adsorbate-atom-force:    93 0   121.285380589046  -150.493896407376   142.769760868151
Adsorbate-atom-force:    94 0  -269.023461530010   817.838912994277   355.689545233121
Adsorbate-atom-force:    95 0   351.005727725583  -216.410239731263    52.802614291522
Adsorbate-atom-force:    96 0  -176.556685885914   -65.057106665277     3.654582207373
Adsorbate-atom-force:    97 0   -46.365527661068     9.546040365436   264.271335659003
Adsorbate-atom-force:    98 0   455.699737493721   210.325308825012  -342.610172583271
Adsorbate-atom-force:    99 0   219.521326816531   223.408797539915  -261.785682774275
Adsorbate-atom-force:    100 0   -72.800022159399  -161.360490337899  -112.775350717455
Adsorbate-atom-force:    101 0    31.765525715961   -43.608446891508   108.078186262098
Adsorbate-atom-force:    102 0   281.484667357858    56.574479051349  -116.395137131920
Adsorbate-atom-force:    103 0    89.201129756177  -175.728939064291    38.388358915433
Adsorbate-atom-force:    104 0  -250.453038960314   223.255732508611   130.104559012777
Adsorbate-atom-force:    105 0   257.053370621716  -158.220305583802   -34.606901638200
Adsorbate-atom-force:    106 0    49.297295184815   585.421633076168  -567.815388057801
Adsorbate-atom-force:    107 0  -328.614929767312  -349.278311011619  -326.150311523393
Adsorbate-atom-force:    108 0  -232.069828308183   132.683386017696   179.297661458101
Adsorbate-atom-force:    109 0   185.364739806442   122.345395594767   491.216214357097
Adsorbate-atom-force:    110 0    94.561214948767   215.784639846899  -159.560789421759
Adsorbate-atom-force:    111 0  -150.819953699336    40.350388062381  -140.710452003998
Adsorbate-atom-force:    112 0   378.142229550437   368.808732115196  -363.386545011315
Adsorbate-atom-force:    113 0   128.503692853656   191.388436467611  -467.988580785236
Adsorbate-atom-force:    114 0  -629.584061088084 -1322.193251620436   441.923431662205
Adsorbate-atom-force:    115 0  -201.178808588530  -155.216726457481  -155.519417047440
Adsorbate-atom-force:    116 0     6.099322533373   441.188803666201    55.917663652742
Adsorbate-atom-force:    117 0     9.616876249485  -203.062722586670  -140.169771357366
Adsorbate-atom-force:    118 0   359.117553875322  -310.825350899843  -746.861582269030
Adsorbate-atom-force:    119 0  -346.465951156403   227.701723866234  -160.988691260675
Adsorbate-atom-force:    120 0  1018.925985333850   568.100893762675   212.629877932629
Adsorbate-atom-force:    121 0  -372.276554154159   233.749867028894    -7.932599684815
Adsorbate-atom-force:    122 0   186.485408109953  -232.266856340654  -125.796599152360
Adsorbate-atom-force:    123 0   354.426563772145   232.462049738041    56.373800832378
Adsorbate-atom-force:    124 0  -189.848113113073   206.865057713853   264.691026651187
Adsorbate-atom-force:    125 0  -189.228331918953   -32.495970635362   138.530988663739
Adsorbate-atom-force:    126 0   484.382733041078    71.670987476420  -168.079274878665
Adsorbate-atom-force:    127 0  -158.380188890517    81.084238192137  -354.591788258002
Adsorbate-atom-force:    128 0  -308.472843679750   -54.621580245841  -258.292448367143
Adsorbate-atom-force:    129 0   311.438569043879     1.056430650025    88.124129390594
Adsorbate-atom-force:    130 0   128.568375013543  -359.070225680253   281.060064183900
Adsorbate-atom-force:    131 0    86.253251153686  -184.316970470407  -584.807552385987
Adsorbate-atom-force:    132 0  -256.122879933823    -3.541830815290   173.598256851297
Adsorbate-atom-force:    133 0  -124.918770801330    -7.809151888207   133.864069481084
Adsorbate-atom-force:    134 0   253.716899200325  -199.351782514493  -124.179299020373
Adsorbate-atom-force:    135 0  -383.060986900193  -922.319805566866   -18.218741249256
Adsorbate-atom-force:    136 0  -608.608957362765   174.612715896708    97.158084572376
Adsorbate-atom-force:    137 0     2.081938436901   133.007510559643   202.861517018526
Adsorbate-atom-force:    138 0  1207.619349096129 -1031.195683866059 -1255.863457507754
Adsorbate-atom-force:    139 0   -48.242065452883    20.404121649265  -170.812371788351
Adsorbate-atom-force:    140 0   220.933817946864  -166.625512429455  -121.883237499437
Adsorbate-atom-force:    141 0  -311.197402692839   204.574174589712   199.179828729875
Adsorbate-atom-force:    142 0  -248.402977100527   138.493757287895  -300.744093506941
Adsorbate-atom-force:    143 0    13.067428250743  -303.033959593220   -23.104567781271
Adsorbate-atom-force:    144 0  -502.119563318440  -655.957855826152   133.112889411947
Adsorbate-atom-force:    145 0   154.010108239932  -205.178288639226  -340.344057223030
Adsorbate-atom-force:    146 0   -25.603829744263   -92.148077982636    14.686996155993
Adsorbate-atom-force:    147 0   494.173399365804   353.047184096279  -590.580226252119
Adsorbate-atom-force:    148 0    40.305022535744   -27.908112976308   138.389022493942
Adsorbate-atom-force:    149 0  -151.203275919945   167.233633557332   -44.968604877162
Adsorbate-atom-force:    150 0  -290.248327531800   105.393072375128   730.283395765060
Adsorbate-atom-force:    151 0   170.872542859375    45.498098202172   200.591151861730
Adsorbate-atom-force:    152 0    37.664574047348  -465.420125902723   685.461470749798
Adsorbate-atom-force:    153 0   197.557999065003   -11.117252707526   227.569418911628
Adsorbate-atom-force:    154 0    67.661510852129  -313.472365575304  -183.179276762513
Adsorbate-atom-force:    155 0   803.985081763028  -205.560072951363   571.480594013341
Adsorbate-atom-force:    156 0  -155.918687648576    30.484733250389  -570.225428437243
Adsorbate-atom-force:    157 0  -500.353365031506  -606.287297021232   581.201697736625
Adsorbate-atom-force:    158 0  1248.418413699251  -222.977814721605  -752.016089841305
Adsorbate-atom-force:    159 0   303.974246993431    45.268208953796  -221.024284141948
Adsorbate-atom-force:    160 0   -16.072189679804    11.385893557889   -10.748718622288
Adsorbate-atom-force:    161 0  -233.648434000312    91.540518626252  -148.245861659727
Adsorbate-atom-force:    162 0   145.812230169174  -182.180908396546  -226.623388129644
Adsorbate-atom-force:    163 0  -236.087050677128  -198.273805720498   -47.357530487643
Adsorbate-atom-force:    164 0   524.207862950962   546.356002250559   -29.637505489366
Adsorbate-atom-force:    165 0   -80.804446394039    86.194005605282    52.646788233687
Adsorbate-atom-force:    166 0  -541.446806414995  -430.647759049369   -30.309935600459
Adsorbate-atom-force:    167 0   188.277914883945    -8.581233912369   220.499183036091
Adsorbate-atom-force:    168 0    57.460525885319    39.711924593666    -6.445707148361
Adsorbate-atom-force:    169 0  -640.786512628714  -524.080656744921    10.058506940954
Adsorbate-atom-charge:   0 0     0.000000000000
Adsorbate-atom-charge:   1 0     0.000000000000
Adsorbate-atom-charge:   2 0     0.000000000000
Adsorbate-atom-charge:   3 0     0.000000000000
Adsorbate-atom-charge:   4 0     0.000000000000
Adsorbate-atom-charge:   5 0     0.000000000000
Adsorbate-atom-charge:   6 0     0.000000000000
Adsorbate-atom-charge:   7 0     0.000000000000
Adsorbate-atom-charge:   8 0     0.000000000000
Adsorbate-atom-charge:   9 0     0.000000000000
Adsorbate-atom-charge:   10 0     0.000000000000
Adsorbate-atom-charge:   11 0     0.000000000000
Adsorbate-atom-charge:   12 0     0.000000000000
Adsorbate-atom-charge:   13 0     0.000000000000
Adsorbate-atom-charge:   14 0     0.000000000000
Adsorbate-atom-charge:   15 0     0.000000000000
Adsorbate-atom-charge:   16 0     0.000000000000
Adsorbate-atom-charge:   17 0     0.000000000000
Adsorbate-atom-charge:   18 0     0.000000000000
Adsorbate-atom-charge:   19 0     0.000000000000
Adsorbate-atom-charge:   20 0     0.000000000000
Adsorbate-atom-charge:   21 0     0.000000000000
Adsorbate-atom-charge:   22 0     0.000000000000
Adsorbate-atom-charge:   23 0     0.000000000000
Adsorbate-atom-charge:   24 0     0.000000000000
Adsorbate-atom-charge:   25 0     0.000000000000
Adsorbate-atom-charge:   26 0     0.000000000000
Adsorbate-atom-charge:   27 0     0.000000000000
Adsorbate-atom-charge:   28 0     0.000000000000
Adsorbate-atom-charge:   29 0     0.000000000000
Adsorbate-atom-charge:   30 0     0.000000000000
Adsorbate-atom-charge:   31 0     0.000000000000
Adsorbate-atom-charge:   32 0     0.000000000000
Adsorbate-atom-charge:   33 0     0.000000000000
Adsorbate-atom-charge:   34 0     0.000000000000
Adsorbate-atom-charge:   35 0     0.000000000000
Adsorbate-atom-charge:   36 0     0.000000000000
Adsorbate-atom-charge:   37 0     0.000000000000
Adsorbate-atom-charge:   38 0     0.000000000000
Adsorbate-atom-charge:   39 0     0.000000000000
Adsorbate-atom-charge:   40 0     0.000000000000
Adsorbate-atom-charge:   41 0     0.000000000000
Adsorbate-atom-charge:   42 0     0.000000000000
Adsorbate-atom-charge:   43 0     0.000000000000
Adsorbate-atom-charge:   44 0     0.000000000000
Adsorbate-atom-charge:   45 0     0.000000000000
Adsorbate-atom-charge:   46 0     0.000000000000
Adsorbate-atom-charge:   47 0     0.000000000000
Adsorbate-atom-charge:   48 0     0.000000000000
Adsorbate-atom-charge:   49 0     0.000000000000
Adsorbate-atom-charge:   50 0     0.000000000000
Adsorbate-atom-charge:   51 0     0.000000000000
Adsorbate-atom-charge:   52 0     0.000000000000
Adsorbate-atom-charge:   53 0     0.000000000000
Adsorbate-atom-charge:   54 0     0.000000000000
Adsorbate-atom-charge:   55 0     0.000000000000
Adsorbate-atom-charge:   56 0     0.000000000000
Adsorbate-atom-charge:   57 0     0.000000000000
Adsorbate-atom-charge:   58 0     0.000000000000
Adsorbate-atom-charge:   59 0     0.000000000000
Adsorbate-atom-charge:   60 0     0.000000000000
Adsorbate-atom-charge:   61 0     0.000000000000
Adsorbate-atom-charge:   62 0     0.000000000000
Adsorbate-atom-charge:   63 0     0.000000000000
Adsorbate-atom-charge:   64 0     0.000000000000
Adsorbate-atom-charge:   65 0     0.000000000000
Adsorbate-atom-charge:   66 0     0.000000000000
Adsorbate-atom-charge:   67 0     0.000000000000
Adsorbate-atom-charge:   68 0     0.000000000000
Adsorbate-atom-charge:   69 0     0.000000000000
Adsorbate-atom-charge:   70 0     0.000000000000
Adsorbate-atom-charge:   71 0     0.000000000000
Adsorbate-atom-charge:   72 0     0.000000000000
Adsorbate-atom-charge:   73 0     0.000000000000
Adsorbate-atom-charge:   74 0     0.000000000000
Adsorbate-atom-charge:   75 0     0.000000000000
Adsorbate-atom-charge:   76 0     0.000000000000
Adsorbate-atom-charge:   77 0     0.000000000000
Adsorbate-atom-charge:   78 0     0.000000000000
Adsorbate-atom-charge:   79 0     0.000000000000
Adsorbate-atom-charge:   80 0     0.000000000000
Adsorbate-atom-charge:   81 0     0.000000000000
Adsorbate-atom-charge:   82 0     0.000000000000
Adsorbate-atom-charge:   83 0     0.000000000000
Adsorbate-atom-charge:   84 0     0.000000000000
Adsorbate-atom-charge:   85 0     0.000000000000
Adsorbate-atom-charge:   86 0     0.000000000000
Adsorbate-atom-charge:   87 0     0.000000000000
Adsorbate-atom-charge:   88 0     0.000000000000
Adsorbate-atom-charge:   89 0     0.000000000000
Adsorbate-atom-charge:   90 0     0.000000000000
Adsorbate-atom-charge:   91 0     0.000000000000
Adsorbate-atom-charge:   92 0     0.000000000000
Adsorbate-atom-charge:   93 0     0.000000000000
Adsorbate-atom-charge:   94 0     0.000000000000
Adsorbate-atom-charge:   95 0     0.000000000000
Adsorbate-atom-charge:   96 0     0.000000000000
Adsorbate-atom-charge:   97 0     0.000000000000
Adsorbate-atom-charge:   98 0     0.000000000000
Adsorbate-atom-charge:   99 0     0.000000000000
Adsorbate-atom-charge:   100 0     0.000000000000
Adsorbate-atom-charge:   101 0     0.000000000000
Adsorbate-atom-charge:   102 0     0.000000000000
Adsorbate-atom-charge:   103 0     0.000000000000
Adsorbate-atom-charge:   104 0     0.000000000000
Adsorbate-atom-charge:   105 0     0.000000000000
Adsorbate-atom-charge:   106 0     0.000000000000
Adsorbate-atom-charge:   107 0     0.000000000000
Adsorbate-atom-charge:   108 0     0.000000000000
Adsorbate-atom-charge:   109 0     0.000000000000
Adsorbate-atom-charge:   110 0     0.000000000000
Adsorbate-atom-charge:   111 0     0.000000000000
Adsorbate-atom-charge:   112 0     0.000000000000
Adsorbate-atom-charge:   113 0     0.000000000000
Adsorbate-atom-charge:   114 0     0.000000000000
Adsorbate-atom-charge:   115 0     0.000000000000
Adsorbate-atom-charge:   116 0     0.000000000000
Adsorbate-atom-charge:   117 0     0.000000000000
Adsorbate-atom-charge:   118 0     0.000000000000
Adsorbate-atom-charge:   119 0     0.000000000000
Adsorbate-atom-charge:   120 0     0.000000000000
Adsorbate-atom-charge:   121 0     0.000000000000
Adsorbate-atom-charge:   122 0     0.000000000000
Adsorbate-atom-charge:   123 0     0.000000000000
Adsorbate-atom-charge:   124 0     0.000000000000
Adsorbate-atom-charge:   125 0     0.000000000000
Adsorbate-atom-charge:   126 0     0.000000000000
Adsorbate-atom-charge:   127 0     0.000000000000
Adsorbate-atom-charge:   128 0     0.000000000000
Adsorbate-atom-charge:   129 0     0.000000000000
Adsorbate-atom-charge:   130 0     0.000000000000
Adsorbate-atom-charge:   131 0     0.000000000000
Adsorbate-atom-charge:   132 0     0.000000000000
Adsorbate-atom-charge:   133 0     0.000000000000
Adsorbate-atom-charge:   134 0     0.000000000000
Adsorbate-atom-charge:   135 0     0.000000000000
Adsorbate-atom-charge:   136 0     0.000000000000
Adsorbate-atom-charge:   137 0     0.000000000000
Adsorbate-atom-charge:   138 0     0.000000000000
Adsorbate-atom-charge:   139 0     0.000000000000
Adsorbate-atom-charge:   140 0     0.000000000000
Adsorbate-atom-charge:   141 0     0.000000000000
Adsorbate-atom-charge:   142 0     0.000000000000
Adsorbate-atom-charge:   143 0     0.000000000000
Adsorbate-atom-charge:   144 0     0.000000000000
Adsorbate-atom-charge:   145 0     0.000000000000
Adsorbate-atom-charge:   146 0     0.000000000000
Adsorbate-atom-charge:   147 0     0.000000000000
Adsorbate-atom-charge:   148 0     0.000000000000
Adsorbate-atom-charge:   149 0     0.000000000000
Adsorbate-atom-charge:   150 0     0.000000000000
Adsorbate-atom-charge:   151 0     0.000000000000
Adsorbate-atom-charge:   152 0     0.000000000000
Adsorbate-atom-charge:   153 0     0.000000000000
Adsorbate-atom-charge:   154 0     0.000000000000
Adsorbate-atom-charge:   155 0     0.000000000000
Adsorbate-atom-charge:   156 0     0.000000000000
Adsorbate-atom-charge:   157 0     0.000000000000
Adsorbate-atom-charge:   158 0     0.000000000000
Adsorbate-atom-charge:   159 0     0.000000000000
Adsorbate-atom-charge:   160 0     0.000000000000
Adsorbate-atom-charge:   161 0     0.000000000000
Adsorbate-atom-charge:   162 0     0.000000000000
Adsorbate-atom-charge:   163 0     0.000000000000
Adsorbate-atom-charge:   164 0     0.000000000000
Adsorbate-atom-charge:   165 0     0.000000000000
Adsorbate-atom-charge:   166 0     0.000000000000
Adsorbate-atom-charge:   167 0     0.000000000000
Adsorbate-atom-charge:   168 0     0.000000000000
Adsorbate-atom-charge:   169 0     0.000000000000
Adsorbate-atom-scaling:  0 0     1.000000000000
Adsorbate-atom-scaling:  1 0     1.000000000000
Adsorbate-atom-scaling:  2 0     1.000000000000
Adsorbate-atom-scaling:  3 0     1.000000000000
Adsorbate-atom-scaling:  4 0     1.000000000000
Adsorbate-atom-scaling:  5 0     1.000000000000
Adsorbate-atom-scaling:  6 0     1.000000000000
Adsorbate-atom-scaling:  7 0     1.000000000000
Adsorbate-atom-scaling:  8 0     1.000000000000
Adsorbate-atom-scaling:  9 0     1.000000000000
Adsorbate-atom-scaling:  10 0     1.000000000000
Adsorbate-atom-scaling:  11 0     1.000000000000
Adsorbate-atom-scaling:  12 0     1.000000000000
Adsorbate-atom-scaling:  13 0     1.000000000000
Adsorbate-atom-scaling:  14 0     1.000000000000
Adsorbate-atom-scaling:  15 0     1.000000000000
Adsorbate-atom-scaling:  16 0     1.000000000000
Adsorbate-atom-scaling:  17 0     1.000000000000
Adsorbate-atom-scaling:  18 0     1.000000000000
Adsorbate-atom-scaling:  19 0     1.000000000000
Adsorbate-atom-scaling:  20 0     1.000000000000
Adsorbate-atom-scaling:  21 0     1.000000000000
Adsorbate-atom-scaling:  22 0     1.000000000000
Adsorbate-atom-scaling:  23 0     1.000000000000
Adsorbate-atom-scaling:  24 0     1.000000000000
Adsorbate-atom-scaling:  25 0     1.000000000000
Adsorbate-atom-scaling:  26 0     1.000000000000
Adsorbate-atom-scaling:  27 0     1.000000000000
Adsorbate-atom-scaling:  28 0     1.000000000000
Adsorbate-atom-scaling:  29 0     1.000000000000
Adsorbate-atom-scaling:  30 0     1.000000000000
Adsorbate-atom-scaling:  31 0     1.000000000000
Adsorbate-atom-scaling:  32 0     1.000000000000
Adsorbate-atom-scaling:  33 0     1.000000000000
Adsorbate-atom-scaling:  34 0     1.000000000000
Adsorbate-atom-scaling:  35 0     1.000000000000
Adsorbate-atom-scaling:  36 0     1.000000000000
Adsorbate-atom-scaling:  37 0     1.000000000000
Adsorbate-atom-scaling:  38 0     1.000000000000
Adsorbate-atom-scaling:  39 0     1.000000000000
Adsorbate-atom-scaling:  40 0     1.000000000000
Adsorbate-atom-scaling:  41 0     1.000000000000
Adsorbate-atom-scaling:  42 0     1.000000000000
Adsorbate-atom-scaling:  43 0     1.000000000000
Adsorbate-atom-scaling:  44 0     1.000000000000
Adsorbate-atom-scaling:  45 0     1.000000000000
Adsorbate-atom-scaling:  46 0     1.000000000000
Adsorbate-atom-scaling:  47 0     1.000000000000
Adsorbate-atom-scaling:  48 0     1.000000000000
Adsorbate-atom-scaling:  49 0     1.000000000000
Adsorbate-atom-scaling:  50 0     1.000000000000
Adsorbate-atom-scaling:  51 0     1.000000000000
Adsorbate-atom-scaling:  52 0     1.000000000000
Adsorbate-atom-scaling:  53 0     1.000000000000
Adsorbate-atom-scaling:  54 0     1.000000000000
Adsorbate-atom-scaling:  55 0     1.000000000000
Adsorbate-atom-scaling:  56 0     1.000000000000
Adsorbate-atom-scaling:  57 0     1.000000000000
Adsorbate-atom-scaling:  58 0     1.000000000000
Adsorbate-atom-scaling:  59 0     1.000000000000
Adsorbate-atom-scaling:  60 0     1.000000000000
Adsorbate-atom-scaling:  61 0     1.000000000000
Adsorbate-atom-scaling:  62 0     1.000000000000
Adsorbate-atom-scaling:  63 0     1.000000000000
Adsorbate-atom-scaling:  64 0     1.000000000000
Adsorbate-atom-scaling:  65 0     1.000000000000
Adsorbate-atom-scaling:  66 0     1.000000000000
Adsorbate-atom-scaling:  67 0     1.000000000000
Adsorbate-atom-scaling:  68 0     1.000000000000
Adsorbate-atom-scaling:  69 0     1.000000000000
Adsorbate-atom-scaling:  70 0     1.000000000000
Adsorbate-atom-scaling:  71 0     1.000000000000
Adsorbate-atom-scaling:  72 0     1.000000000000
Adsorbate-atom-scaling:  73 0     1.000000000000
Adsorbate-atom-scaling:  74 0     1.000000000000
Adsorbate-atom-scaling:  75 0     1.000000000000
Adsorbate-atom-scaling:  76 0     1.000000000000
Adsorbate-atom-scaling:  77 0     1.000000000000
Adsorbate-atom-scaling:  78 0     1.000000000000
Adsorbate-atom-scaling:  79 0     1.000000000000
Adsorbate-atom-scaling:  80 0     1.000000000000
Adsorbate-atom-scaling:  81 0     1.000000000000
Adsorbate-atom-scaling:  82 0     1.000000000000
Adsorbate-atom-scaling:  83 0     1.000000000000
Adsorbate-atom-scaling:  84 0     1.000000000000
Adsorbate-atom-scaling:  85 0     1.000000000000
Adsorbate-atom-scaling:  86 0     1.000000000000
Adsorbate-atom-scaling:  87 0     1.000000000000
Adsorbate-atom-scaling:  88 0     1.000000000000
Adsorbate-atom-scaling:  89 0     1.000000000000
Adsorbate-atom-scaling:  90 0     1.000000000000
Adsorbate-atom-scaling:  91 0     1.000000000000
Adsorbate-atom-scaling:  92 0     1.000000000000
Adsorbate-atom-scaling:  93 0     1.000000000000
Adsorbate-atom-scaling:  94 0     1.000000000000
Adsorbate-atom-scaling:  95 0     1.000000000000
Adsorbate-atom-scaling:  96 0     1.000000000000
Adsorbate-atom-scaling:  97 0     1.000000000000
Adsorbate-atom-scaling:  98 0     1.000000000000
Adsorbate-atom-scaling:  99 0     1.000000000000
Adsorbate-atom-scaling:  100 0     1.000000000000
Adsorbate-atom-scaling:  101 0     1.000000000000
Adsorbate-atom-scaling:  102 0     1.000000000000
Adsorbate-atom-scaling:  103 0     1.000000000000
Adsorbate-atom-scaling:  104 0     1.000000000000
Adsorbate-atom-scaling:  105 0     1.000000000000
Adsorbate-atom-scaling:  106 0     1.000000000000
Adsorbate-atom-scaling:  107 0     1.000000000000
Adsorbate-atom-scaling:  108 0     1.000000000000
Adsorbate-atom-scaling:  109 0     1.000000000000
Adsorbate-atom-scaling:  110 0     1.000000000000
Adsorbate-atom-scaling:  111 0     1.000000000000
Adsorbate-atom-scaling:  112 0     1.000000000000
Adsorbate-atom-scaling:  113 0     1.000000000000
Adsorbate-atom-scaling:  114 0     1.000000000000
Adsorbate-atom-scaling:  115 0     1.000000000000
Adsorbate-atom-scaling:  116 0     1.000000000000
Adsorbate-atom-scaling:  117 0     1.000000000000
Adsorbate-atom-scaling:  118 0     1.000000000000
Adsorbate-atom-scaling:  119 0     1.000000000000
Adsorbate-atom-scaling:  120 0     1.000000000000
Adsorbate-atom-scaling:  121 0     1.000000000000
Adsorbate-atom-scaling:  122 0     1.000000000000
Adsorbate-atom-scaling:  123 0     1.000000000000
Adsorbate-atom-scaling:  124 0     1.000000000000
Adsorbate-atom-scaling:  125 0     1.000000000000
Adsorbate-atom-scaling:  126 0     1.000000000000
Adsorbate-atom-scaling:  127 0     1.000000000000
Adsorbate-atom-scaling:  128 0     1.000000000000
Adsorbate-atom-scaling:  129 0     1.000000000000
Adsorbate-atom-scaling:  130 0     1.000000000000
Adsorbate-atom-scaling:  131 0     1.000000000000
Adsorbate-atom-scaling:  132 0     1.000000000000
Adsorbate-atom-scaling:  133 0     1.000000000000
Adsorbate-atom-scaling:  134 0     1.000000000000
Adsorbate-atom-scaling:  135 0     1.000000000000
Adsorbate-atom-scaling:  136 0     1.000000000000
Adsorbate-atom-scaling:  137 0     1.000000000000
Adsorbate-atom-scaling:  138 0     1.000000000000
Adsorbate-atom-scaling:  139 0     1.000000000000
Adsorbate-atom-scaling:  140 0     1.000000000000
Adsorbate-atom-scaling:  141 0     1.000000000000
Adsorbate-atom-scaling:  142 0     1.000000000000
Adsorbate-atom-scaling:  143 0     1.000000000000
Adsorbate-atom-scaling:  144 0     1.000000000000
Adsorbate-atom-scaling:  145 0     1.000000000000
Adsorbate-atom-scaling:  146 0     1.000000000000
Adsorbate-atom-scaling:  147 0     1.000000000000
Adsorbate-atom-scaling:  148 0     1.000000000000
Adsorbate-atom-scaling:  149 0     1.000000000000
Adsorbate-atom-scaling:  150 0     1.000000000000
Adsorbate-atom-scaling:  151 0     1.000000000000
Adsorbate-atom-scaling:  152 0     1.000000000000
Adsorbate-atom-scaling:  153 0     1.000000000000
Adsorbate-atom-scaling:  154 0     1.000000000000
Adsorbate-atom-scaling:  155 0     1.000000000000
Adsorbate-atom-scaling:  156 0     1.000000000000
Adsorbate-atom-scaling:  157 0     1.000000000000
Adsorbate-atom-scaling:  158 0     1.000000000000
Adsorbate-atom-scaling:  159 0     1.000000000000
Adsorbate-atom-scaling:  160 0     1.000000000000
Adsorbate-atom-scaling:  161 0     1.000000000000
Adsorbate-atom-scaling:  162 0     1.000000000000
Adsorbate-atom-scaling:  163 0     1.000000000000
Adsorbate-atom-scaling:  164 0     1.000000000000
Adsorbate-atom-scaling:  165 0     1.000000000000
Adsorbate-atom-scaling:  166 0     1.000000000000
Adsorbate-atom-scaling:  167 0     1.000000000000
Adsorbate-atom-scaling:  168 0     1.000000000000
Adsorbate-atom-scaling:  169 0     1.000000000000
Adsorbate-atom-fixed:    0 0       0 0 0
Adsorbate-atom-fixed:    1 0       0 0 0
Adsorbate-atom-fixed:    2 0       0 0 0
Adsorbate-atom-fixed:    3 0       0 0 0
Adsorbate-atom-fixed:    4 0       0 0 0
Adsorbate-atom-fixed:    5 0       0 0 0
Adsorbate-atom-fixed:    6 0       0 0 0
Adsorbate-atom-fixed:    7 0       0 0 0
Adsorbate-atom-fixed:    8 0       0 0 0
Adsorbate-atom-fixed:    9 0       0 0 0
Adsorbate-atom-fixed:    10 0       0 0 0
Adsorbate-atom-fixed:    11 0       0 0 0
Adsorbate-atom-fixed:    12 0       0 0 0
Adsorbate-atom-fixed:    13 0       0 0 0
Adsorbate-atom-fixed:    14 0       0 0 0
Adsorbate-atom-fixed:    15 0       0 0 0
Adsorbate-atom-fixed:    16 0       0 0 0
Adsorbate-atom-fixed:    17 0       0 0 0
Adsorbate-atom-fixed:    18 0       0 0 0
Adsorbate-atom-fixed:    19 0       0 0 0
Adsorbate-atom-fixed:    20 0       0 0 0
Adsorbate-atom-fixed:    21 0       0 0 0
Adsorbate-atom-fixed:    22 0       0 0 0
Adsorbate-atom-fixed:    23 0       0 0 0
Adsorbate-atom-fixed:    24 0       0 0 0
Adsorbate-atom-fixed:    25 0       0 0 0
Adsorbate-atom-fixed:    26 0       0 0 0
Adsorbate-atom-fixed:    27 0       0 0 0
Adsorbate-atom-fixed:    28 0       0 0 0
Adsorbate-atom-fixed:    29 0       0 0 0
Adsorbate-atom-fixed:    30 0       0 0 0
Adsorbate-atom-fixed:    31 0       0 0 0
Adsorbate-atom-fixed:    32 0       0 0 0
Adsorbate-atom-fixed:    33 0       0 0 0
Adsorbate-atom-fixed:    34 0       0 0 0
Adsorbate-atom-fixed:    35 0       0 0 0
Adsorbate-atom-fixed:    36 0       0 0 0
Adsorbate-atom-fixed:    37 0       0 0 0
Adsorbate-atom-fixed:    38 0       0 0 0
Adsorbate-atom-fixed:    39 0       0 0 0
Adsorbate-atom-fixed:    40 0       0 0 0
Adsorbate-atom-fixed:    41 0       0 0 0
Adsorbate-atom-fixed:    42 0       0 0 0
Adsorbate-atom-fixed:    43 0       0 0 0
Adsorbate-atom-fixed:    44 0       0 0 0
Adsorbate-atom-fixed:    45 0       0 0 0
Adsorbate-atom-fixed:    46 0       0 0 0
Adsorbate-atom-fixed:    47 0       0 0 0
Adsorbate-atom-fixed:    48 0       0 0 0
Adsorbate-atom-fixed:    49 0       0 0 0
Adsorbate-atom-fixed:    50 0       0 0 0
Adsorbate-atom-fixed:    51 0       0 0 0
Adsorbate-atom-fixed:    52 0       0 0 0
Adsorbate-atom-fixed:    53 0       0 0 0
Adsorbate-atom-fixed:    54 0       0 0 0
Adsorbate-atom-fixed:    55 0       0 0 0
Adsorbate-atom-fixed:    56 0       0 0 0
Adsorbate-atom-fixed:    57 0       0 0 0
Adsorbate-atom-fixed:    58 0       0 0 0
Adsorbate-atom-fixed:    59 0       0 0 0
Adsorbate-atom-fixed:    60 0       0 0 0
Adsorbate-atom-fixed:    61 0       0 0 0
Adsorbate-atom-fixed:    62 0       0 0 0
Adsorbate-atom-fixed:    63 0       0 0 0
Adsorbate-atom-fixed:    64 0       0 0 0
Adsorbate-atom-fixed:    65 0       0 0 0
Adsorbate-atom-fixed:    66 0       0 0 0
Adsorbate-atom-fixed:    67 0       0 0 0
Adsorbate-atom-fixed:    68 0       0 0 0
Adsorbate-atom-fixed:    69 0       0 0 0
Adsorbate-atom-fixed:    70 0       0 0 0
Adsorbate-atom-fixed:    71 0       0 0 0
Adsorbate-atom-fixed:    72 0       0 0 0
Adsorbate-atom-fixed:    73 0       0 0 0
Adsorbate-atom-fixed:    74 0       0 0 0
Adsorbate-atom-fixed:    75 0       0 0 0
Adsorbate-atom-fixed:    76 0       0 0 0
Adsorbate-atom-fixed:    77 0       0 0 0
Adsorbate-atom-fixed:    78 0       0 0 0
Adsorbate-atom-fixed:    79 0       0 0 0
Adsorbate-atom-fixed:    80 0       0 0 0
Adsorbate-atom-fixed:    81 0       0 0 0
Adsorbate-atom-fixed:    82 0       0 0 0
Adsorbate-atom-fixed:    83 0       0 0 0
Adsorbate-atom-fixed:    84 0       0 0 0
Adsorbate-atom-fixed:    85 0       0 0 0
Adsorbate-atom-fixed:    86 0       0 0 0
Adsorbate-atom-fixed:    87 0       0 0 0
Adsorbate-atom-fixed:    88 0       0 0 0
Adsorbate-atom-fixed:    89 0       0 0 0
Adsorbate-atom-fixed:    90 0       0 0 0
Adsorbate-atom-fixed:    91 0       0 0 0
Adsorbate-atom-fixed:    92 0       0 0 0
Adsorbate-atom-fixed:    93 0       0 0 0
Adsorbate-atom-fixed:    94 0       0 0 0
Adsorbate-atom-fixed:    95 0       0 0 0
Adsorbate-atom-fixed:    96 0       0 0 0
Adsorbate-atom-fixed:    97 0       0 0 0
Adsorbate-atom-fixed:    98 0       0 0 0
Adsorbate-atom-fixed:    99 0       0 0 0
Adsorbate-atom-fixed:    100 0       0 0 0
Adsorbate-atom-fixed:    101 0       0 0 0
Adsorbate-atom-fixed:    102 0       0 0 0
Adsorbate-atom-fixed:    103 0       0 0 0
Adsorbate-atom-fixed:    104 0       0 0 0
Adsorbate-atom-fixed:    105 0       0 0 0
Adsorbate-atom-fixed:    106 0       0 0 0
Adsorbate-atom-fixed:    107 0       0 0 0
Adsorbate-atom-fixed:    108 0       0 0 0
Adsorbate-atom-fixed:    109 0       0 0 0
Adsorbate-atom-fixed:    110 0       0 0 0
Adsorbate-atom-fixed:    111 0       0 0 0
Adsorbate-atom-fixed:    112 0       0 0 0
Adsorbate-atom-fixed:    113 0       0 0 0
Adsorbate-atom-fixed:    114 0       0 0 0
Adsorbate-atom-fixed:    115 0       0 0 0
Adsorbate-atom-fixed:    116 0       0 0 0
Adsorbate-atom-fixed:    117 0       0 0 0
Adsorbate-atom-fixed:    118 0       0 0 0
Adsorbate-atom-fixed:    119 0       0 0 0
Adsorbate-atom-fixed:    120 0       0 0 0
Adsorbate-atom-fixed:    121 0       0 0 0
Adsorbate-atom-fixed:    122 0       0 0 0
Adsorbate-atom-fixed:    123 0       0 0 0
Adsorbate-atom-fixed:    124 0       0 0 0
Adsorbate-atom-fixed:    125 0       0 0 0
Adsorbate-atom-fixed:    126 0       0 0 0
Adsorbate-atom-fixed:    127 0       0 0 0
Adsorbate-atom-fixed:    128 0       0 0 0
Adsorbate-atom-fixed:    129 0       0 0 0
Adsorbate-atom-fixed:    130 0       0 0 0
Adsorbate-atom-fixed:    131 0       0 0 0
Adsorbate-atom-fixed:    132 0       0 0 0
Adsorbate-atom-fixed:    133 0       0 0 0
Adsorbate-atom-fixed:    134 0       0 0 0
Adsorbate-atom-fixed:    135 0       0 0 0
Adsorbate-atom-fixed:    136 0       0 0 0
Adsorbate-atom-fixed:    137 0       0 0 0
Adsorbate-atom-fixed:    138 0       0 0 0
Adsorbate-atom-fixed:    139 0       0 0 0
Adsorbate-atom-fixed:    140 0       0 0 0
Adsorbate-atom-fixed:    141 0       0 0 0
Adsorbate-atom-fixed:    142 0       0 0 0
Adsorbate-atom-fixed:    143 0       0 0 0
Adsorbate-atom-fixed:    144 0       0 0 0
Adsorbate-atom-fixed:    145 0       0 0 0
Adsorbate-atom-fixed:    146 0       0 0 0
Adsorbate-atom-fixed:    147 0       0 0 0
Adsorbate-atom-fixed:    148 0       0 0 0
Adsorbate-atom-fixed:    149 0       0 0 0
Adsorbate-atom-fixed:    150 0       0 0 0
Adsorbate-atom-fixed:    151 0       0 0 0
Adsorbate-atom-fixed:    152 0       0 0 0
Adsorbate-atom-fixed:    153 0       0 0 0
Adsorbate-atom-fixed:    154 0       0 0 0
Adsorbate-atom-fixed:    155 0       0 0 0
Adsorbate-atom-fixed:    156 0       0 0 0
Adsorbate-atom-fixed:    157 0       0 0 0
Adsorbate-atom-fixed:    158 0       0 0 0
Adsorbate-atom-fixed:    159 0       0 0 0
Adsorbate-atom-fixed:    160 0       0 0 0
Adsorbate-atom-fixed:    161 0       0 0 0
Adsorbate-atom-fixed:    162 0       0 0 0
Adsorbate-atom-fixed:    163 0       0 0 0
Adsorbate-atom-fixed:    164 0       0 0 0
Adsorbate-atom-fixed:    165 0       0 0 0
Adsorbate-atom-fixed:    166 0       0 0 0
Adsorbate-atom-fixed:    167 0       0 0 0
Adsorbate-atom-fixed:    168 0       0 0 0
Adsorbate-atom-fixed:    169 0       0 0 0


