Cell info:
========================================================================
number-of-unit-cells: 2 2 2
unit-cell-vector-a:    26.343000000000     0.000000000000     0.000000000000
unit-cell-vector-b:     0.000000000000    26.343000000000     0.000000000000
unit-cell-vector-c:     0.000000000000     0.000000000000    26.343000000000

cell-vector-a:    52.686000000000     0.000000000000     0.000000000000
cell-vector-b:     0.000000000000    52.686000000000     0.000000000000
cell-vector-c:     0.000000000000     0.000000000000    52.686000000000

cell-lengths:    26.343000000000    26.343000000000    26.343000000000
cell-angles:    90.000000000000    90.000000000000    90.000000000000


Maximum changes for MC-moves:
========================================================================
Maximum-volume-change: 0.000500
Maximum-Gibbs-volume-change: 0.001563
Maximum-box-shape-change: 0.100000 0.100000 0.100000, 0.100000 0.100000 0.100000, 0.100000 0.100000 0.100000


Acceptance targets for MC-moves:
========================================================================
Target-volume-change: 0.500000
Target-box-shape-change: 0.500000
Target-Gibbs-volume-change: 0.500000


Components: 1 (Adsorbates 137, Cations 0)
========================================================================
Component 0 (argon)
	Fractional-molecule-id component 0: -1
	Lambda-factors component 0:  0.000000
	Number-of-biasing-factors component 0: 21
	Biasing-factors component 0:  0.000000 0.000000 0.000000 0.000000 0.000000 0.000000 0.000000 0.000000 0.000000 0.000000 0.000000 0.000000 0.000000 0.000000 0.000000 0.000000 0.000000 0.000000 0.000000 0.000000 0.000000
	Maximum-CF-Lambda-change component 0: 0.500000
	Maximum-CBCF-Lambda-change component 0: 0.500000

	Maximum-translation-change component 0: 0.384958,0.380299,0.347363
	Maximum-translation-in-plane-change component 0: 0.000000,0.000000,0.000000
	Maximum-rotation-change component 0: 0.017453 0.017453 0.017453

Reactions: 0

Component: 0     Adsorbate    137 molecules of argon NTotal (Gauge + Pore) = 0 
------------------------------------------------------------------------
Adsorbate-atom-position: 0 0     8.269342848555    14.954472064595     2.161270739773
Adsorbate-atom-position: 1 0    18.274177280066    34.282357137251    21.433821050965
Adsorbate-atom-position: 2 0    47.334999823101    32.349860315775     6.193478351827
Adsorbate-atom-position: 3 0    17.433375897368    48.524552330664    17.226434417477
Adsorbate-atom-position: 4 0    21.775898823756    44.139389270636    44.150829121785
Adsorbate-atom-position: 5 0    19.830213985009    46.643134675606    46.466492240533
Adsorbate-atom-position: 6 0     4.627773112941    21.769310677676    30.694302797852
Adsorbate-atom-position: 7 0    19.657562874143    33.124739701257     6.192448219138
Adsorbate-atom-position: 8 0    20.251960947029    19.511851019409     7.316925621823
Adsorbate-atom-position: 9 0    48.262872664562    31.014229038555    30.370546445646
Adsorbate-atom-position: 10 0    49.002538785231    22.390118087302    30.556131686593
Adsorbate-atom-position: 11 0    33.750683525409    20.515254499735    45.257776690010
Adsorbate-atom-position: 12 0    30.575887375180    48.293431566005    22.479873715232
Adsorbate-atom-position: 13 0    34.581486609049     8.151264290350    31.234267106371
Adsorbate-atom-position: 14 0    35.475061316250    30.133838091636     9.146932509112
Adsorbate-atom-position: 15 0    48.078169266899     8.323083020458    44.096324510804
Adsorbate-atom-position: 16 0     4.299559285458    44.123533819131    35.508015346486
Adsorbate-atom-position: 17 0    18.780140980443     7.455852453608    32.043487313825
Adsorbate-atom-position: 18 0     4.641099574220    47.921852813313    21.591451158971
Adsorbate-atom-position: 19 0    43.336364285228    30.651323424657     9.051858579883
Adsorbate-atom-position: 20 0    17.649026457765     4.165397236320    43.270969120996
Adsorbate-atom-position: 21 0    46.711991885130     7.420352855640    33.616407105423
Adsorbate-atom-position: 22 0    47.506932445755     5.958785271369    46.618026138594
Adsorbate-atom-position: 23 0    44.589799449398    34.572949722657     5.022200095234
Adsorbate-atom-position: 24 0     6.207865354004    34.091059138255     6.659192504570
Adsorbate-atom-position: 25 0    44.366647040128    34.862087605429    30.542187850594
Adsorbate-atom-position: 26 0    20.104510062797    46.850214945872     6.533034994787
Adsorbate-atom-position: 27 0    32.006882038961    45.566772020800    19.404087436502
Adsorbate-atom-position: 28 0     6.192347021360    33.226804562816    34.020318673366
Adsorbate-atom-position: 29 0    18.889764044473    46.992960167649    33.713418477250
Adsorbate-atom-position: 30 0    17.037966508043     3.776146073084     9.045596462106
Adsorbate-atom-position: 31 0    32.931731420657    32.887557735895    44.935976684173
Adsorbate-atom-position: 32 0     8.798357759322    21.721823193417    17.869281747460
Adsorbate-atom-position: 33 0    21.892538055223    48.950548521816    21.953607975987
Adsorbate-atom-position: 34 0    31.298493744874     8.249810254750    35.162469412270
Adsorbate-atom-position: 35 0     7.046182884690    33.162039269682    20.352597683579
Adsorbate-atom-position: 36 0     7.531829880795    19.751946903477    32.619218036282
Adsorbate-atom-position: 37 0    20.427242682294    19.698823245121    19.062545039360
Adsorbate-atom-position: 38 0     4.584976142993     4.710428228592    30.974226645355
Adsorbate-atom-position: 39 0     8.364553607189    31.303266205292     8.196536418300
Adsorbate-atom-position: 40 0    32.467225551966     6.661513614238    45.972649101601
Adsorbate-atom-position: 41 0    21.513644263482    18.046272380503    44.355305492325
Adsorbate-atom-position: 42 0    32.316349547614    45.992232936816    46.450367468716
Adsorbate-atom-position: 43 0    48.187603312206    35.002760079900    43.732088158669
Adsorbate-atom-position: 44 0    19.074271329332    46.198333187460    19.522479380751
Adsorbate-atom-position: 45 0     7.508287103555     6.424078753989     6.474736361524
Adsorbate-atom-position: 46 0    33.486875859923     5.922186581533    33.473145058207
Adsorbate-atom-position: 47 0     9.203482398904    35.471463223742    48.770688184834
Adsorbate-atom-position: 48 0    35.340480140325     8.634213609723     4.608837233887
Adsorbate-atom-position: 49 0    46.549952377574    46.099812198696     7.370128065308
Adsorbate-atom-position: 50 0    46.451302713456    32.612411450883    46.113437876282
Adsorbate-atom-position: 51 0    44.090029414772    21.953712586374    35.210660132793
Adsorbate-atom-position: 52 0     9.326045471952     9.994633195626     4.039117350316
Adsorbate-atom-position: 53 0    32.666489670787    45.358279911411     6.728027357416
Adsorbate-atom-position: 54 0    48.614267060888    48.709620845593    22.300991411194
Adsorbate-atom-position: 55 0     7.188667145374     7.569841624489    20.347717895842
Adsorbate-atom-position: 56 0    47.923505021820    31.191602127559    21.919420321313
Adsorbate-atom-position: 57 0    20.860843412755    32.792532730102    19.903820327094
Adsorbate-atom-position: 58 0    30.750766288622    22.832625336404     4.109153580242
Adsorbate-atom-position: 59 0    20.557934689491     7.181682340344    18.595881840308
Adsorbate-atom-position: 60 0    35.344738939490    21.932889578268    35.018920350015
Adsorbate-atom-position: 61 0    17.187876620476    48.226936286613    43.673670527521
Adsorbate-atom-position: 62 0    43.801207007402    44.016146515966    48.730256939481
Adsorbate-atom-position: 63 0     8.640073611560    48.399662563192     9.164244991787
Adsorbate-atom-position: 64 0    17.589401617829    48.707087590343     8.694281489893
Adsorbate-atom-position: 65 0    22.405289640477    35.858881779892    35.230908179677
Adsorbate-atom-position: 66 0    48.061824807177    17.723118005749    18.002940801400
Adsorbate-atom-position: 67 0    18.042849448021     4.513177561856    17.934212649809
Adsorbate-atom-position: 68 0    45.422758924410    32.750996840433    19.500277676675
Adsorbate-atom-position: 69 0    19.411547895101    19.342096039193    47.229319381070
Adsorbate-atom-position: 70 0    33.568706893347    19.643950620102    32.755209748427
Adsorbate-atom-position: 71 0    32.137484434783    32.710316614140     6.208079994223
Adsorbate-atom-position: 72 0    32.655590626339     5.653317863799    19.935114540537
Adsorbate-atom-position: 73 0    21.431562643965    21.897987166766    21.699891778760
Adsorbate-atom-position: 74 0     4.278863528890    30.969376764634    30.789178761433
Adsorbate-atom-position: 75 0    21.386288818550    18.287935509075    34.579735126131
Adsorbate-atom-position: 76 0    46.490865585630    19.525849747056     6.851182441307
Adsorbate-atom-position: 77 0    46.852368311394    45.947137538272    33.205902310418
Adsorbate-atom-position: 78 0     6.580025563099     6.739728470860    33.043675036061
Adsorbate-atom-position: 79 0    43.992309386968     9.322544297633    22.159121731264
Adsorbate-atom-position: 80 0    33.102121339155    19.711037108876    20.305449479855
Adsorbate-atom-position: 81 0     6.412647405620    19.541897395571    45.276948441655
Adsorbate-atom-position: 82 0    45.661488786550    19.972755992171    45.345798905219
Adsorbate-atom-position: 83 0    31.144347361516    30.913142576972    21.608083000804
Adsorbate-atom-position: 84 0    45.033006529106    19.276828096443    20.013687895199
Adsorbate-atom-position: 85 0     7.005170049530    46.068570229732    46.030535117151
Adsorbate-atom-position: 86 0    48.111888926905     8.604531798800     8.430996435861
Adsorbate-atom-position: 87 0     7.618287630131    45.857175326946    32.605888850861
Adsorbate-atom-position: 88 0    48.747577206321     4.280700576818     4.562195034223
Adsorbate-atom-position: 89 0    18.121405325478     8.522473201574    48.221035778360
Adsorbate-atom-position: 90 0    45.872638418298     5.639143702166     6.844934598243
Adsorbate-atom-position: 91 0    32.012928357407    33.485142822376    33.921342715875
Adsorbate-atom-position: 92 0    21.681144706444    31.013906978124    31.152378870022
Adsorbate-atom-position: 93 0     4.319242491184    17.205197118078    35.324166225024
Adsorbate-atom-position: 94 0     8.787928926952    48.065799669122    35.304612848612
Adsorbate-atom-position: 95 0    20.017873510680    32.614789547744    46.217167029880
Adsorbate-atom-position: 96 0    17.608394733204    30.792643260920    43.662336430062
Adsorbate-atom-position: 97 0    19.687129347028    33.639298269897    33.075892889008
Adsorbate-atom-position: 98 0    47.909229765146    34.858715144938    35.010605968777
Adsorbate-atom-position: 99 0    17.521277091323    44.237178097494     4.441329968489
Adsorbate-atom-position: 100 0    34.830866157471     4.533060262494    44.096092282071
Adsorbate-atom-position: 101 0    20.680185575021     6.400572455383    46.156938414115
Adsorbate-atom-position: 102 0    17.972196614672    43.952104846929    47.971880528007
Adsorbate-atom-position: 103 0     7.008270252150    19.980554960478     6.558592722634
Adsorbate-atom-position: 104 0    48.572620876547    30.303298690901    48.346285790584
Adsorbate-atom-position: 105 0    35.098192590364    48.207036326558    43.913862527987
Adsorbate-atom-position: 106 0    22.106922030492    43.606043414512     8.429371541813
Adsorbate-atom-position: 107 0    48.610366610740    17.644381758653    35.444335858716
Adsorbate-atom-position: 108 0    47.987216040982    21.414415819684    48.237177883386
Adsorbate-atom-position: 109 0    44.428045789449    47.806620810510    34.751294305543
Adsorbate-atom-position: 110 0     4.361406719811     8.561672423145    17.635829527833
Adsorbate-atom-position: 111 0    45.463359051083    45.539547302240    20.603526409031
Adsorbate-atom-position: 112 0    48.102562953886    48.009755014885    48.195798574985
Adsorbate-atom-position: 113 0    32.811742131571    33.323815862692    19.502635535425
Adsorbate-atom-position: 114 0    48.941565269505    43.484263502308    35.117517795558
Adsorbate-atom-position: 115 0     6.581928382108    20.106560632218    20.775488582959
Adsorbate-atom-position: 116 0     7.848070066450    45.599629868190    20.297023192979
Adsorbate-atom-position: 117 0     6.098611411364     6.416728543026    45.538618330606
Adsorbate-atom-position: 118 0    17.713298339185    43.983320640143    30.837035033359
Adsorbate-atom-position: 119 0    33.561240797252     5.990521494400     7.060706922331
Adsorbate-atom-position: 120 0    17.412103220208    17.761736080207    30.574813581317
Adsorbate-atom-position: 121 0    30.300550886596    36.114249782318     9.010070878602
Adsorbate-atom-position: 122 0    48.309178671333    43.843510344848    43.932920366655
Adsorbate-atom-position: 123 0    21.533708943397    44.143113052161    18.214414048971
Adsorbate-atom-position: 124 0     8.601089759900    17.397686265770     4.602448137850
Adsorbate-atom-position: 125 0    46.099576385421     6.302766146059    20.516526277076
Adsorbate-atom-position: 126 0    33.311458407854    20.127448962123     7.327417846932
Adsorbate-atom-position: 127 0     8.587730844610     8.986520878337    30.886684647897
Adsorbate-atom-position: 128 0    46.270253752818    20.477786154416    32.501264317563
Adsorbate-atom-position: 129 0    45.754212729938    32.447329194733    33.538894607529
Adsorbate-atom-position: 130 0    30.397143662422     4.264724448623    22.013459076875
Adsorbate-atom-position: 131 0    46.295887693723    46.338900558279    45.488874157657
Adsorbate-atom-position: 132 0     7.234791593212    45.794953358670     6.662671813489
Adsorbate-atom-position: 133 0    14.096073040695    20.892262967786    51.558154108929
Adsorbate-atom-position: 134 0    30.989756985620    44.465451522701    34.856858105761
Adsorbate-atom-position: 135 0    48.616000528452     4.331909911673    30.853557824741
Adsorbate-atom-position: 136 0    16.583128643572    17.185418935168    48.689492556545
Adsorbate-atom-velocity: 0 0    -0.365698332979    -1.176056830254     0.915786690397
Adsorbate-atom-velocity: 1 0    -1.308478819725    -1.374047790310     0.573186363597
Adsorbate-atom-velocity: 2 0     2.158033994305     0.163731127652     2.382189792795
Adsorbate-atom-velocity: 3 0    -2.939609007375    -0.189727437075    -0.313306729516
Adsorbate-atom-velocity: 4 0     1.607068688504     1.869617952442    -1.622043709907
Adsorbate-atom-velocity: 5 0    -1.298164742229    -0.206898983984     0.472440182676
Adsorbate-atom-velocity: 6 0     0.804887145831    -0.290990296978     0.029465240652
Adsorbate-atom-velocity: 7 0    -2.246036025727    -0.753154378632    -1.178060911993
Adsorbate-atom-velocity: 8 0    -2.478434831099     0.265595029355    -1.012730389634
Adsorbate-atom-velocity: 9 0     1.132145395915    -0.544328977197     1.141823710687
Adsorbate-atom-velocity: 10 0     2.203586510316     1.903844918669     0.266582174249
Adsorbate-atom-velocity: 11 0     1.936134792476    -1.817771801243     1.715830433883
Adsorbate-atom-velocity: 12 0    -0.006111320496    -2.134160240579    -1.571352861728
Adsorbate-atom-velocity: 13 0    -0.573106400432    -1.947258692518     2.805311754408
Adsorbate-atom-velocity: 14 0     2.432870920494    -0.331516724945    -0.113078146405
Adsorbate-atom-velocity: 15 0     1.227334121811    -1.242387741247    -2.329217629271
Adsorbate-atom-velocity: 16 0    -0.493307774696     1.226299795189     0.227673151836
Adsorbate-atom-velocity: 17 0     1.344100755301    -1.272418042203    -0.054769601201
Adsorbate-atom-velocity: 18 0     2.520705483242     1.127524495172    -0.844421385990
Adsorbate-atom-velocity: 19 0     0.518336532771     1.053172712903     0.541519072477
Adsorbate-atom-velocity: 20 0     1.679689162432    -0.694704289763    -0.637543805212
Adsorbate-atom-velocity: 21 0     1.497310173162     0.871185441879    -1.827675395931
Adsorbate-atom-velocity: 22 0    -0.545826186259     2.041613103068     0.353048383975
Adsorbate-atom-velocity: 23 0    -0.910629520872     0.439324622095     1.097392130335
Adsorbate-atom-velocity: 24 0    -0.547895467576    -0.822426596247     1.258018217109
Adsorbate-atom-velocity: 25 0    -0.801307280754     0.502213465122    -2.846853906476
Adsorbate-atom-velocity: 26 0    -1.087829561824     1.257799617538     0.445498479325
Adsorbate-atom-velocity: 27 0     0.629637144500     0.593045073773     0.471173327109
Adsorbate-atom-velocity: 28 0    -0.546099275923    -1.522745596747     2.619917056127
Adsorbate-atom-velocity: 29 0    -0.351944164146    -1.488442652734    -1.176880838466
Adsorbate-atom-velocity: 30 0     0.072121630522     0.451603628784     0.002630082860
Adsorbate-atom-velocity: 31 0     2.253506414290     1.432387469457     1.233885630296
Adsorbate-atom-velocity: 32 0     0.044418243083     1.406524879444     0.099952490927
Adsorbate-atom-velocity: 33 0    -2.009356035763    -0.291240414950    -0.609926651870
Adsorbate-atom-velocity: 34 0    -1.850963202701     1.074885076483    -1.534154855633
Adsorbate-atom-velocity: 35 0     0.653573931528     1.127042405251     1.505475933333
Adsorbate-atom-velocity: 36 0    -0.623852275798    -0.436849227715    -1.423535524658
Adsorbate-atom-velocity: 37 0     0.532747755908     0.862760541290     1.231281422407
Adsorbate-atom-velocity: 38 0    -1.043943582138    -0.383843422260    -1.982313052737
Adsorbate-atom-velocity: 39 0     0.312192451844    -0.151786299087     1.282127932342
Adsorbate-atom-velocity: 40 0    -0.099103541095     2.199394582819     1.282484541001
Adsorbate-atom-velocity: 41 0    -0.438590923807    -1.416779495934    -0.414810532489
Adsorbate-atom-velocity: 42 0     0.869600610466    -0.818532915680     0.297030303142
Adsorbate-atom-velocity: 43 0     1.484987115061    -1.846296917216    -2.068022266168
Adsorbate-atom-velocity: 44 0     1.419833069309    -0.503569028677     3.285567401623
Adsorbate-atom-velocity: 45 0     0.604972656597    -0.409231843824     0.103581183914
Adsorbate-atom-velocity: 46 0    -0.534147873528    -0.067686014625     0.243327994459
Adsorbate-atom-velocity: 47 0     0.200727099346    -1.365927077870     0.236817194717
Adsorbate-atom-velocity: 48 0     0.881846203827    -1.030838396773     0.944452039680
Adsorbate-atom-velocity: 49 0     1.932839916073     0.978442728446     0.544064847808
Adsorbate-atom-velocity: 50 0    -1.013967483931     0.783839595517     0.908312743543
Adsorbate-atom-velocity: 51 0     1.387488371250    -0.167391770966     0.043158701189
Adsorbate-atom-velocity: 52 0    -0.435418619329    -3.142990928732     0.733116195026
Adsorbate-atom-velocity: 53 0     0.580752519557    -0.101329039484    -1.139039268972
Adsorbate-atom-velocity: 54 0    -0.234838575901     1.206767286396    -0.569122815987
Adsorbate-atom-velocity: 55 0    -0.237837068712     0.109876484580    -0.217348148925
Adsorbate-atom-velocity: 56 0    -2.110131904907     0.612675861649    -0.778964435644
Adsorbate-atom-velocity: 57 0     2.848379231527    -2.985818503456     1.390238167459
Adsorbate-atom-velocity: 58 0    -1.522881561166    -0.325520787059     0.723393848143
Adsorbate-atom-velocity: 59 0     0.008188826447    -1.027167655867     0.454158408847
Adsorbate-atom-velocity: 60 0     1.060582340613    -0.257427326139    -2.416186481382
Adsorbate-atom-velocity: 61 0     0.236042083775    -1.799850331108     1.897345222869
Adsorbate-atom-velocity: 62 0    -0.151053147176     0.062938136148    -1.272599602628
Adsorbate-atom-velocity: 63 0    -0.685829054321    -0.551383628457    -0.979851452466
Adsorbate-atom-velocity: 64 0    -2.034529598966    -0.582184331110    -0.252542465476
Adsorbate-atom-velocity: 65 0     1.130260406483    -0.316800019881     1.140084222400
Adsorbate-atom-velocity: 66 0     2.068469290992     0.535388113899     0.037224040171
Adsorbate-atom-velocity: 67 0    -0.043139373184    -0.537760158221     1.593269518416
Adsorbate-atom-velocity: 68 0    -1.839467475526    -1.390907569595    -1.881181383232
Adsorbate-atom-velocity: 69 0     1.165913724450     1.545818019934    -0.202687383699
Adsorbate-atom-velocity: 70 0    -1.074945779771     0.349631542833     0.259690907950
Adsorbate-atom-velocity: 71 0    -1.194336251028    -1.206941266998    -1.809877377358
Adsorbate-atom-velocity: 72 0     0.608875342252     1.923949913639     1.043274090216
Adsorbate-atom-velocity: 73 0     0.576171346921     1.239310556096    -2.103876474454
Adsorbate-atom-velocity: 74 0     0.088915239738    -0.846973218447     0.284015053506
Adsorbate-atom-velocity: 75 0     0.736585310152     1.035097165661    -0.824601720644
Adsorbate-atom-velocity: 76 0     1.349866931257     1.902071614746    -3.098491720404
Adsorbate-atom-velocity: 77 0    -0.683936379125     2.080491102096    -1.438501538199
Adsorbate-atom-velocity: 78 0     0.559568966122    -0.814738278609     2.943160460140
Adsorbate-atom-velocity: 79 0     0.751568939521    -2.166030378681    -0.551005986387
Adsorbate-atom-velocity: 80 0    -0.639124292057     1.351967757806     1.282205647205
Adsorbate-atom-velocity: 81 0    -1.164870747005     0.611549839553    -1.247780900203
Adsorbate-atom-velocity: 82 0    -0.945839666725    -2.491065865655     0.271064619474
Adsorbate-atom-velocity: 83 0    -1.808583766612     0.040270834284     0.339516180328
Adsorbate-atom-velocity: 84 0    -1.725984566997     3.033351739716    -0.938052658400
Adsorbate-atom-velocity: 85 0    -1.677877449393     3.654102537757     0.172927399692
Adsorbate-atom-velocity: 86 0    -1.528904652166     0.101932075213    -1.237533824693
Adsorbate-atom-velocity: 87 0    -0.935935810006     1.416420790201     1.270698106042
Adsorbate-atom-velocity: 88 0     0.087564941062     0.406156584313    -0.441056562031
Adsorbate-atom-velocity: 89 0    -0.829257341055     0.132765404941     3.150083698713
Adsorbate-atom-velocity: 90 0     0.489609905583     3.169168830403     1.339839159004
Adsorbate-atom-velocity: 91 0     0.537978027138     0.019644299516    -1.189869049745
Adsorbate-atom-velocity: 92 0    -0.101999292637    -0.834597527604     1.236464708244
Adsorbate-atom-velocity: 93 0     0.330655581605    -0.780709852113    -2.276445369574
Adsorbate-atom-velocity: 94 0    -0.252490212301     1.680121735574    -0.035714420124
Adsorbate-atom-velocity: 95 0     1.351492144843     0.176728206402     0.003565716750
Adsorbate-atom-velocity: 96 0     1.326304863623     1.557265555194    -2.666204383444
Adsorbate-atom-velocity: 97 0     2.404176087365     1.661439933301     0.631821896865
Adsorbate-atom-velocity: 98 0    -0.078288275968    -1.352478780970     0.029300073477
Adsorbate-atom-velocity: 99 0     1.324661936901     0.065815685870    -1.045581979676
Adsorbate-atom-velocity: 100 0    -0.179526827930     1.297975450749     1.313773842198
Adsorbate-atom-velocity: 101 0    -0.357361758983    -0.145706344514     0.767585337242
Adsorbate-atom-velocity: 102 0    -0.229835633438     0.249163101884     1.423246009065
Adsorbate-atom-velocity: 103 0    -0.708650051947     0.040675950563    -1.024514615946
Adsorbate-atom-velocity: 104 0     1.595636142927    -0.110327240256    -1.865985326332
Adsorbate-atom-velocity: 105 0    -0.941866893957    -1.590736129387    -0.284937093148
Adsorbate-atom-velocity: 106 0     0.454566468914     2.001434695239    -0.356656529940
Adsorbate-atom-velocity: 107 0     0.761104748087    -0.923769310028    -0.292074913003
Adsorbate-atom-velocity: 108 0    -0.474531515041    -1.140474052630     1.513931130406
Adsorbate-atom-velocity: 109 0    -1.381558075264     0.765150453551    -0.446469631480
Adsorbate-atom-velocity: 110 0     0.395958294358     1.636782679789    -2.113327586853
Adsorbate-atom-velocity: 111 0     1.891230104264     2.350834440838    -0.252855522651
Adsorbate-atom-velocity: 112 0    -0.354980534791    -0.193581112404     1.024241796014
Adsorbate-atom-velocity: 113 0    -0.138657791272    -0.226705964471    -0.275522452495
Adsorbate-atom-velocity: 114 0     1.871457006093     1.323602886422     1.024580542215
Adsorbate-atom-velocity: 115 0     0.220416033076     0.926525729840     0.444745308737
Adsorbate-atom-velocity: 116 0    -0.190623175037    -2.295363486924    -0.723288881655
Adsorbate-atom-velocity: 117 0    -0.178667029951     1.301665276505    -0.080387917756
Adsorbate-atom-velocity: 118 0    -0.329915949238    -0.817686109013    -1.122455968974
Adsorbate-atom-velocity: 119 0     0.319016089850     0.052532343330     0.295132601307
Adsorbate-atom-velocity: 120 0    -1.115824120365    -0.901854411338     1.589205683370
Adsorbate-atom-velocity: 121 0     0.441643228517    -1.189771435837    -0.552756276262
Adsorbate-atom-velocity: 122 0     1.759557367492    -0.644408198224    -1.604231428267
Adsorbate-atom-velocity: 123 0     0.625010660489     0.973410638124    -1.364491775689
Adsorbate-atom-velocity: 124 0    -1.486730494507     0.072256596482    -1.400219371827
Adsorbate-atom-velocity: 125 0     1.150556890001     1.111925410678     0.361859202645
Adsorbate-atom-velocity: 126 0     0.178630162038    -3.443260939013    -3.378793616774
Adsorbate-atom-velocity: 127 0     1.376757018774     0.372042925806     0.655849784998
Adsorbate-atom-velocity: 128 0    -0.196940715451     1.879647882392    -0.067299518209
Adsorbate-atom-velocity: 129 0    -0.650472613589     1.426161827376     1.293880518299
Adsorbate-atom-velocity: 130 0    -3.441959354751     0.197691319847     0.881451920725
Adsorbate-atom-velocity: 131 0     3.140206254008     0.128593217417    -2.201722178825
Adsorbate-atom-velocity: 132 0     0.907234493283    -0.071270895331    -2.582289316227
Adsorbate-atom-velocity: 133 0     0.373620318196    -0.244439303137     0.690048479410
Adsorbate-atom-velocity: 134 0     1.539584450421    -1.038560839905     0.497153394773
Adsorbate-atom-velocity: 135 0     0.367409323063    -0.389369510973     0.462634609595
Adsorbate-atom-velocity: 136 0     0.385880621593     1.083957381898     1.956983014251
Adsorbate-atom-force:    0 0    52.452901014374  -259.752837242701  -477.819504598175
Adsorbate-atom-force:    1 0  -562.547427051364   951.866197409885  -105.350615162759
Adsorbate-atom-force:    2 0  -657.429126505679   283.227178547920  -400.715626578466
Adsorbate-atom-force:    3 0   -16.367673521306   -44.316001088629   106.172900299666
Adsorbate-atom-force:    4 0  -134.667721778294     5.336972215214   -14.175430679316
Adsorbate-atom-force:    5 0   172.386295765146   100.805645082553  -202.619098332881
Adsorbate-atom-force:    6 0  -176.138317266071    25.970917458573   300.913827094252
Adsorbate-atom-force:    7 0   -26.916519171408     7.416191322686    -9.268340930057
Adsorbate-atom-force:    8 0   -90.467366712508  -149.738222359340  -118.635198804227
Adsorbate-atom-force:    9 0  -137.927738649633  -758.416676689436   559.730946318851
Adsorbate-atom-force:    10 0  -251.878375435546  -160.141980060001     7.359351116182
Adsorbate-atom-force:    11 0   -48.421973508474    32.432327407868    67.828207618730
Adsorbate-atom-force:    12 0    71.144444173596   156.944990345385  -356.577216198778
Adsorbate-atom-force:    13 0   212.170814445368   877.807899758907  -434.369617924765
Adsorbate-atom-force:    14 0  -153.766656818876   218.677369848544  -157.976778193032
Adsorbate-atom-force:    15 0  -167.448720479206   853.380527207687    -7.224097310954
Adsorbate-atom-force:    16 0   190.556099559028  -654.826494152436  -430.077264222858
Adsorbate-atom-force:    17 0   134.435582205485    12.151982181208    15.503705196203
Adsorbate-atom-force:    18 0   223.084642848815    79.723174444592    56.830786434955
Adsorbate-atom-force:    19 0   282.395590106033   -70.799200460468  -133.240471526395
Adsorbate-atom-force:    20 0  -469.544618129752   107.412408720017   437.938134613016
Adsorbate-atom-force:    21 0    98.219893028092  -153.238206063357   -58.733049886198
Adsorbate-atom-force:    22 0 -1040.839049549206   -19.474994440459   713.982786641060
Adsorbate-atom-force:    23 0  -235.705811950265  -198.921555497930     9.622747285182
Adsorbate-atom-force:    24 0   526.620507715961  -719.276822952215   561.354500041737
Adsorbate-atom-force:    25 0 -1053.684985139855  -115.982434770306   749.191143550437
Adsorbate-atom-force:    26 0  -138.231371447997  -245.533931119968  -176.659799051873
Adsorbate-atom-force:    27 0   207.638217538762   162.644184587269  -138.738117746932
Adsorbate-atom-force:    28 0    69.093140318036   123.203572573751  -441.031496019662
Adsorbate-atom-force:    29 0    48.980948131098  -141.696714890861     7.321597527764
Adsorbate-atom-force:    30 0   179.717322919857   196.343939295200   -84.238363600332
Adsorbate-atom-force:    31 0    63.722534462625    59.751279284666   504.356512512170
Adsorbate-atom-force:    32 0  -350.797287810811    35.907633335575  -280.719346479078
Adsorbate-atom-force:    33 0   344.711783668196  -593.535707293824   182.649978653930
Adsorbate-atom-force:    34 0  -760.995693245899   523.823529128524  -771.820284882002
Adsorbate-atom-force:    35 0   -37.090173674878    96.136220609332   -48.401392278723
Adsorbate-atom-force:    36 0  -404.113088331037  -290.852590807328   270.275852582458
Adsorbate-atom-force:    37 0  -420.763102449196  -540.600908321625   184.058404211132
Adsorbate-atom-force:    38 0   -62.712167241442  -365.625953124270  -165.977903559532
Adsorbate-atom-force:    39 0  -290.579623866925   -99.958607488344   164.940134722299
Adsorbate-atom-force:    40 0   -60.302241496370    68.986605101411    38.938715296448
Adsorbate-atom-force:    41 0   -50.022178538140   -86.963592717726    15.720040712144
Adsorbate-atom-force:    42 0   188.472614307769   216.147074518620  -198.657473884866
Adsorbate-atom-force:    43 0    95.877217406627   126.114415357678   262.699794365787
Adsorbate-atom-force:    44 0  -203.545607476103   315.431851670426   326.620798891370
Adsorbate-atom-force:    45 0  -259.551481177445   272.190282411280   208.353356479970
Adsorbate-atom-force:    46 0  -187.446482142090  -721.203463758627   586.731814808446
Adsorbate-atom-force:    47 0  -163.952312989150  -138.207085481351  -178.273958908270
Adsorbate-atom-force:    48 0  -396.018339078837    57.592947948803  -289.049691342692
Adsorbate-atom-force:    49 0  -277.594713140430  -310.200516835181  -281.223425662529
Adsorbate-atom-force:    50 0    -7.764110581498    -3.314426043918    64.148893015859
Adsorbate-atom-force:    51 0  -281.956801719734  -115.621813756479  -196.208823538310
Adsorbate-atom-force:    52 0  -114.605103361914  -289.333779908795    42.744027227827
Adsorbate-atom-force:    53 0    35.289127304809    81.712884858699    74.183274415697
Adsorbate-atom-force:    54 0  -162.184833656221  -200.715904603870  -161.617117945825
Adsorbate-atom-force:    55 0   -14.741973524079  -219.787310425730    11.794395728859
Adsorbate-atom-force:    56 0   102.802608508368  -532.227727798388  -483.041862434627
Adsorbate-atom-force:    57 0   298.269630181575  -427.600227613839  -414.079779927879
Adsorbate-atom-force:    58 0  -508.552875381410  -542.064526688377   -10.824936323387
Adsorbate-atom-force:    59 0  -237.503595924935   443.844829663696   514.698862656597
Adsorbate-atom-force:    60 0  -204.483688685580    56.569006472044   235.602420853852
Adsorbate-atom-force:    61 0   304.662775891703   249.597630205445   216.235139937118
Adsorbate-atom-force:    62 0   115.037606367623  -340.724609476350  -381.744871421643
Adsorbate-atom-force:    63 0   415.941821673917  -122.707319186390  -345.726864253376
Adsorbate-atom-force:    64 0   -94.138314338046  -369.734857423386   232.490410509074
Adsorbate-atom-force:    65 0  -190.181915714111  -301.494625961493    75.522218608786
Adsorbate-atom-force:    66 0  -212.011140089629   302.367383539470  -527.136170971520
Adsorbate-atom-force:    67 0  -551.881466458182   376.543819742880   -25.950544167300
Adsorbate-atom-force:    68 0    47.637804972117   -49.563989880536     6.117134621136
Adsorbate-atom-force:    69 0  -158.283522628281    67.989592971241  -416.853031046018
Adsorbate-atom-force:    70 0   -81.596037219603   -97.638305953458   -59.196683626377
Adsorbate-atom-force:    71 0   124.181586300262   -96.011304528126   109.168101626358
Adsorbate-atom-force:    72 0   621.113589449356   553.452148708558  -417.008888128750
Adsorbate-atom-force:    73 0  1093.274665525690  -376.268904369244  -102.221482665296
Adsorbate-atom-force:    74 0   303.329317105278  -346.907405355114   141.542325856886
Adsorbate-atom-force:    75 0  -221.142016898556  -420.248465810584  -267.879614933143
Adsorbate-atom-force:    76 0    13.277448500932   -28.399868315030    21.444841748751
Adsorbate-atom-force:    77 0   326.095913470495  -388.344008542317  -334.829353336649
Adsorbate-atom-force:    78 0   150.058739080281   164.190199820114   253.892106655305
Adsorbate-atom-force:    79 0  -393.537964115114  -394.216573179067  -132.062595542256
Adsorbate-atom-force:    80 0   -15.626013734290   -40.320993839094   -14.282026767855
Adsorbate-atom-force:    81 0   -42.035199045218     7.102184323237   117.040075297781
Adsorbate-atom-force:    82 0   116.328168833199   159.994508912403   158.508095998078
Adsorbate-atom-force:    83 0  -370.384750446734   151.199268350554   149.917651837313
Adsorbate-atom-force:    84 0   467.920054462213   245.454951392151   300.129281359122
Adsorbate-atom-force:    85 0     7.272273999335    14.194800872126     9.300430641498
Adsorbate-atom-force:    86 0  -169.594733806301  -204.471555254827   284.549923445616
Adsorbate-atom-force:    87 0  -378.377936544441  -191.771845686697    23.543112995824
Adsorbate-atom-force:    88 0  -424.887358462210   129.430721900069  -549.866489904453
Adsorbate-atom-force:    89 0 -1172.629416474464  -376.813097119777  -596.240154992199
Adsorbate-atom-force:    90 0    13.129276563069   244.027958567587    -4.825231308197
Adsorbate-atom-force:    91 0   371.362911910750   455.073492174964  -406.192436922180
Adsorbate-atom-force:    92 0  -137.072993899480   127.299887814907  -290.271532438695
Adsorbate-atom-force:    93 0    -7.757315516839   228.691636965959  -134.205214768286
Adsorbate-atom-force:    94 0  -112.902914289455   523.077622068129  -226.670824519334
Adsorbate-atom-force:    95 0   -18.212899558819   -32.951797442699    -1.378851607056
Adsorbate-atom-force:    96 0   -33.662486605313   -66.713449569721   286.861288911557
Adsorbate-atom-force:    97 0   140.059895314009   -51.262364400107   -52.694335543568
Adsorbate-atom-force:    98 0   543.352303961999   143.786120254132  -191.350433253464
Adsorbate-atom-force:    99 0   360.197816647665  -583.718246353154   260.692677946764
Adsorbate-atom-force:    100 0   260.450952913777    91.245883620373    15.597776135757
Adsorbate-atom-force:    101 0  -263.761037487588    90.600446624497   103.302694172987
Adsorbate-atom-force:    102 0  -523.472662831613   257.863528434059   126.327449612577
Adsorbate-atom-force:    103 0   -89.980299119668   103.921243993576   140.776188241707
Adsorbate-atom-force:    104 0  -149.464950038083   233.177447673796    84.068066261225
Adsorbate-atom-force:    105 0  -107.130216535749     6.176366640172   126.312373241471
Adsorbate-atom-force:    106 0  -411.798435109192   544.707752985601  1315.454281122825
Adsorbate-atom-force:    107 0  -247.780435313773  -292.143392974974  -256.523571062525
Adsorbate-atom-force:    108 0  -245.050779897144   969.283026373249  -589.206185267864
Adsorbate-atom-force:    109 0  -613.229393444157   383.597105552503    51.843433920126
Adsorbate-atom-force:    110 0   250.407877714273   250.459038458911   122.012592600193
Adsorbate-atom-force:    111 0    50.556957623448   -49.904786313694  -113.157873367267
Adsorbate-atom-force:    112 0    18.929247426278   257.964051930296  -100.350028579152
Adsorbate-atom-force:    113 0    49.851711711780   129.754594374875  -113.560987541592
Adsorbate-atom-force:    114 0  -267.374683068776   143.360782690298   332.469812465228
Adsorbate-atom-force:    115 0  -396.003529370488  -380.475896999409  -521.132959613810
Adsorbate-atom-force:    116 0  -685.590997206474  -104.661962292332    -1.715085204244
Adsorbate-atom-force:    117 0   258.552656101876   282.830959255607   254.431205683398
Adsorbate-atom-force:    118 0   -35.045014063840   126.857120339771    84.831869010139
Adsorbate-atom-force:    119 0    -3.453648142237    54.814196031252    27.139899517287
Adsorbate-atom-force:    120 0   240.609893784576  -472.749085576830   247.882743091275
Adsorbate-atom-force:    121 0    95.103498397515  -337.342387327851    19.250826309164
Adsorbate-atom-force:    122 0    86.591693980980   -61.010151876742  -107.852085327367
Adsorbate-atom-force:    123 0    53.698555422513   283.378944169646 -1159.809903715072
Adsorbate-atom-force:    124 0   265.704580927617   542.068448389522    -9.387410543103
Adsorbate-atom-force:    125 0   129.396548458977   179.918399806753  -119.538846927662
Adsorbate-atom-force:    126 0     4.004185076772    59.830596235253  -102.328595668904
Adsorbate-atom-force:    127 0   279.502196522343  -313.575501058743  -169.912861488512
Adsorbate-atom-force:    128 0   196.405420770117  -143.248548635370   100.163539362734
Adsorbate-atom-force:    129 0  -220.162510676201  -162.763454678405  -247.924677899670
Adsorbate-atom-force:    130 0  -349.211504600851  -287.669642814643   539.386930249710
Adsorbate-atom-force:    131 0  -390.464768642738   -54.970496143466   187.244554952635
Adsorbate-atom-force:    132 0  -115.463154608719   154.402481959420  -143.704099488118
Adsorbate-atom-force:    133 0   -95.787326530287   -48.643130128163    38.170490832005
Adsorbate-atom-force:    134 0   356.903995599449  -830.474910769223  -341.177470337235
Adsorbate-atom-force:    135 0  -318.495472493610   111.026571791970  -266.735536099983
Adsorbate-atom-force:    136 0   255.587108734279   112.592767805525   -88.129435147809
Adsorbate-atom-charge:   0 0     0.000000000000
Adsorbate-atom-charge:   1 0     0.000000000000
Adsorbate-atom-charge:   2 0     0.000000000000
Adsorbate-atom-charge:   3 0     0.000000000000
Adsorbate-atom-charge:   4 0     0.000000000000
Adsorbate-atom-charge:   5 0     0.000000000000
Adsorbate-atom-charge:   6 0     0.000000000000
Adsorbate-atom-charge:   7 0     0.000000000000
Adsorbate-atom-charge:   8 0     0.000000000000
Adsorbate-atom-charge:   9 0     0.000000000000
Adsorbate-atom-charge:   10 0     0.000000000000
Adsorbate-atom-charge:   11 0     0.000000000000
Adsorbate-atom-charge:   12 0     0.000000000000
Adsorbate-atom-charge:   13 0     0.000000000000
Adsorbate-atom-charge:   14 0     0.000000000000
Adsorbate-atom-charge:   15 0     0.000000000000
Adsorbate-atom-charge:   16 0     0.000000000000
Adsorbate-atom-charge:   17 0     0.000000000000
Adsorbate-atom-charge:   18 0     0.000000000000
Adsorbate-atom-charge:   19 0     0.000000000000
Adsorbate-atom-charge:   20 0     0.000000000000
Adsorbate-atom-charge:   21 0     0.000000000000
Adsorbate-atom-charge:   22 0     0.000000000000
Adsorbate-atom-charge:   23 0     0.000000000000
Adsorbate-atom-charge:   24 0     0.000000000000
Adsorbate-atom-charge:   25 0     0.000000000000
Adsorbate-atom-charge:   26 0     0.000000000000
Adsorbate-atom-charge:   27 0     0.000000000000
Adsorbate-atom-charge:   28 0     0.000000000000
Adsorbate-atom-charge:   29 0     0.000000000000
Adsorbate-atom-charge:   30 0     0.000000000000
Adsorbate-atom-charge:   31 0     0.000000000000
Adsorbate-atom-charge:   32 0     0.000000000000
Adsorbate-atom-charge:   33 0     0.000000000000
Adsorbate-atom-charge:   34 0     0.000000000000
Adsorbate-atom-charge:   35 0     0.000000000000
Adsorbate-atom-charge:   36 0     0.000000000000
Adsorbate-atom-charge:   37 0     0.000000000000
Adsorbate-atom-charge:   38 0     0.000000000000
Adsorbate-atom-charge:   39 0     0.000000000000
Adsorbate-atom-charge:   40 0     0.000000000000
Adsorbate-atom-charge:   41 0     0.000000000000
Adsorbate-atom-charge:   42 0     0.000000000000
Adsorbate-atom-charge:   43 0     0.000000000000
Adsorbate-atom-charge:   44 0     0.000000000000
Adsorbate-atom-charge:   45 0     0.000000000000
Adsorbate-atom-charge:   46 0     0.000000000000
Adsorbate-atom-charge:   47 0     0.000000000000
Adsorbate-atom-charge:   48 0     0.000000000000
Adsorbate-atom-charge:   49 0     0.000000000000
Adsorbate-atom-charge:   50 0     0.000000000000
Adsorbate-atom-charge:   51 0     0.000000000000
Adsorbate-atom-charge:   52 0     0.000000000000
Adsorbate-atom-charge:   53 0     0.000000000000
Adsorbate-atom-charge:   54 0     0.000000000000
Adsorbate-atom-charge:   55 0     0.000000000000
Adsorbate-atom-charge:   56 0     0.000000000000
Adsorbate-atom-charge:   57 0     0.000000000000
Adsorbate-atom-charge:   58 0     0.000000000000
Adsorbate-atom-charge:   59 0     0.000000000000
Adsorbate-atom-charge:   60 0     0.000000000000
Adsorbate-atom-charge:   61 0     0.000000000000
Adsorbate-atom-charge:   62 0     0.000000000000
Adsorbate-atom-charge:   63 0     0.000000000000
Adsorbate-atom-charge:   64 0     0.000000000000
Adsorbate-atom-charge:   65 0     0.000000000000
Adsorbate-atom-charge:   66 0     0.000000000000
Adsorbate-atom-charge:   67 0     0.000000000000
Adsorbate-atom-charge:   68 0     0.000000000000
Adsorbate-atom-charge:   69 0     0.000000000000
Adsorbate-atom-charge:   70 0     0.000000000000
Adsorbate-atom-charge:   71 0     0.000000000000
Adsorbate-atom-charge:   72 0     0.000000000000
Adsorbate-atom-charge:   73 0     0.000000000000
Adsorbate-atom-charge:   74 0     0.000000000000
Adsorbate-atom-charge:   75 0     0.000000000000
Adsorbate-atom-charge:   76 0     0.000000000000
Adsorbate-atom-charge:   77 0     0.000000000000
Adsorbate-atom-charge:   78 0     0.000000000000
Adsorbate-atom-charge:   79 0     0.000000000000
Adsorbate-atom-charge:   80 0     0.000000000000
Adsorbate-atom-charge:   81 0     0.000000000000
Adsorbate-atom-charge:   82 0     0.000000000000
Adsorbate-atom-charge:   83 0     0.000000000000
Adsorbate-atom-charge:   84 0     0.000000000000
Adsorbate-atom-charge:   85 0     0.000000000000
Adsorbate-atom-charge:   86 0     0.000000000000
Adsorbate-atom-charge:   87 0     0.000000000000
Adsorbate-atom-charge:   88 0     0.000000000000
Adsorbate-atom-charge:   89 0     0.000000000000
Adsorbate-atom-charge:   90 0     0.000000000000
Adsorbate-atom-charge:   91 0     0.000000000000
Adsorbate-atom-charge:   92 0     0.000000000000
Adsorbate-atom-charge:   93 0     0.000000000000
Adsorbate-atom-charge:   94 0     0.000000000000
Adsorbate-atom-charge:   95 0     0.000000000000
Adsorbate-atom-charge:   96 0     0.000000000000
Adsorbate-atom-charge:   97 0     0.000000000000
Adsorbate-atom-charge:   98 0     0.000000000000
Adsorbate-atom-charge:   99 0     0.000000000000
Adsorbate-atom-charge:   100 0     0.000000000000
Adsorbate-atom-charge:   101 0     0.000000000000
Adsorbate-atom-charge:   102 0     0.000000000000
Adsorbate-atom-charge:   103 0     0.000000000000
Adsorbate-atom-charge:   104 0     0.000000000000
Adsorbate-atom-charge:   105 0     0.000000000000
Adsorbate-atom-charge:   106 0     0.000000000000
Adsorbate-atom-charge:   107 0     0.000000000000
Adsorbate-atom-charge:   108 0     0.000000000000
Adsorbate-atom-charge:   109 0     0.000000000000
Adsorbate-atom-charge:   110 0     0.000000000000
Adsorbate-atom-charge:   111 0     0.000000000000
Adsorbate-atom-charge:   112 0     0.000000000000
Adsorbate-atom-charge:   113 0     0.000000000000
Adsorbate-atom-charge:   114 0     0.000000000000
Adsorbate-atom-charge:   115 0     0.000000000000
Adsorbate-atom-charge:   116 0     0.000000000000
Adsorbate-atom-charge:   117 0     0.000000000000
Adsorbate-atom-charge:   118 0     0.000000000000
Adsorbate-atom-charge:   119 0     0.000000000000
Adsorbate-atom-charge:   120 0     0.000000000000
Adsorbate-atom-charge:   121 0     0.000000000000
Adsorbate-atom-charge:   122 0     0.000000000000
Adsorbate-atom-charge:   123 0     0.000000000000
Adsorbate-atom-charge:   124 0     0.000000000000
Adsorbate-atom-charge:   125 0     0.000000000000
Adsorbate-atom-charge:   126 0     0.000000000000
Adsorbate-atom-charge:   127 0     0.000000000000
Adsorbate-atom-charge:   128 0     0.000000000000
Adsorbate-atom-charge:   129 0     0.000000000000
Adsorbate-atom-charge:   130 0     0.000000000000
Adsorbate-atom-charge:   131 0     0.000000000000
Adsorbate-atom-charge:   132 0     0.000000000000
Adsorbate-atom-charge:   133 0     0.000000000000
Adsorbate-atom-charge:   134 0     0.000000000000
Adsorbate-atom-charge:   135 0     0.000000000000
Adsorbate-atom-charge:   136 0     0.000000000000
Adsorbate-atom-scaling:  0 0     1.000000000000
Adsorbate-atom-scaling:  1 0     1.000000000000
Adsorbate-atom-scaling:  2 0     1.000000000000
Adsorbate-atom-scaling:  3 0     1.000000000000
Adsorbate-atom-scaling:  4 0     1.000000000000
Adsorbate-atom-scaling:  5 0     1.000000000000
Adsorbate-atom-scaling:  6 0     1.000000000000
Adsorbate-atom-scaling:  7 0     1.000000000000
Adsorbate-atom-scaling:  8 0     1.000000000000
Adsorbate-atom-scaling:  9 0     1.000000000000
Adsorbate-atom-scaling:  10 0     1.000000000000
Adsorbate-atom-scaling:  11 0     1.000000000000
Adsorbate-atom-scaling:  12 0     1.000000000000
Adsorbate-atom-scaling:  13 0     1.000000000000
Adsorbate-atom-scaling:  14 0     1.000000000000
Adsorbate-atom-scaling:  15 0     1.000000000000
Adsorbate-atom-scaling:  16 0     1.000000000000
Adsorbate-atom-scaling:  17 0     1.000000000000
Adsorbate-atom-scaling:  18 0     1.000000000000
Adsorbate-atom-scaling:  19 0     1.000000000000
Adsorbate-atom-scaling:  20 0     1.000000000000
Adsorbate-atom-scaling:  21 0     1.000000000000
Adsorbate-atom-scaling:  22 0     1.000000000000
Adsorbate-atom-scaling:  23 0     1.000000000000
Adsorbate-atom-scaling:  24 0     1.000000000000
Adsorbate-atom-scaling:  25 0     1.000000000000
Adsorbate-atom-scaling:  26 0     1.000000000000
Adsorbate-atom-scaling:  27 0     1.000000000000
Adsorbate-atom-scaling:  28 0     1.000000000000
Adsorbate-atom-scaling:  29 0     1.000000000000
Adsorbate-atom-scaling:  30 0     1.000000000000
Adsorbate-atom-scaling:  31 0     1.000000000000
Adsorbate-atom-scaling:  32 0     1.000000000000
Adsorbate-atom-scaling:  33 0     1.000000000000
Adsorbate-atom-scaling:  34 0     1.000000000000
Adsorbate-atom-scaling:  35 0     1.000000000000
Adsorbate-atom-scaling:  36 0     1.000000000000
Adsorbate-atom-scaling:  37 0     1.000000000000
Adsorbate-atom-scaling:  38 0     1.000000000000
Adsorbate-atom-scaling:  39 0     1.000000000000
Adsorbate-atom-scaling:  40 0     1.000000000000
Adsorbate-atom-scaling:  41 0     1.000000000000
Adsorbate-atom-scaling:  42 0     1.000000000000
Adsorbate-atom-scaling:  43 0     1.000000000000
Adsorbate-atom-scaling:  44 0     1.000000000000
Adsorbate-atom-scaling:  45 0     1.000000000000
Adsorbate-atom-scaling:  46 0     1.000000000000
Adsorbate-atom-scaling:  47 0     1.000000000000
Adsorbate-atom-scaling:  48 0     1.000000000000
Adsorbate-atom-scaling:  49 0     1.000000000000
Adsorbate-atom-scaling:  50 0     1.000000000000
Adsorbate-atom-scaling:  51 0     1.000000000000
Adsorbate-atom-scaling:  52 0     1.000000000000
Adsorbate-atom-scaling:  53 0     1.000000000000
Adsorbate-atom-scaling:  54 0     1.000000000000
Adsorbate-atom-scaling:  55 0     1.000000000000
Adsorbate-atom-scaling:  56 0     1.000000000000
Adsorbate-atom-scaling:  57 0     1.000000000000
Adsorbate-atom-scaling:  58 0     1.000000000000
Adsorbate-atom-scaling:  59 0     1.000000000000
Adsorbate-atom-scaling:  60 0     1.000000000000
Adsorbate-atom-scaling:  61 0     1.000000000000
Adsorbate-atom-scaling:  62 0     1.000000000000
Adsorbate-atom-scaling:  63 0     1.000000000000
Adsorbate-atom-scaling:  64 0     1.000000000000
Adsorbate-atom-scaling:  65 0     1.000000000000
Adsorbate-atom-scaling:  66 0     1.000000000000
Adsorbate-atom-scaling:  67 0     1.000000000000
Adsorbate-atom-scaling:  68 0     1.000000000000
Adsorbate-atom-scaling:  69 0     1.000000000000
Adsorbate-atom-scaling:  70 0     1.000000000000
Adsorbate-atom-scaling:  71 0     1.000000000000
Adsorbate-atom-scaling:  72 0     1.000000000000
Adsorbate-atom-scaling:  73 0     1.000000000000
Adsorbate-atom-scaling:  74 0     1.000000000000
Adsorbate-atom-scaling:  75 0     1.000000000000
Adsorbate-atom-scaling:  76 0     1.000000000000
Adsorbate-atom-scaling:  77 0     1.000000000000
Adsorbate-atom-scaling:  78 0     1.000000000000
Adsorbate-atom-scaling:  79 0     1.000000000000
Adsorbate-atom-scaling:  80 0     1.000000000000
Adsorbate-atom-scaling:  81 0     1.000000000000
Adsorbate-atom-scaling:  82 0     1.000000000000
Adsorbate-atom-scaling:  83 0     1.000000000000
Adsorbate-atom-scaling:  84 0     1.000000000000
Adsorbate-atom-scaling:  85 0     1.000000000000
Adsorbate-atom-scaling:  86 0     1.000000000000
Adsorbate-atom-scaling:  87 0     1.000000000000
Adsorbate-atom-scaling:  88 0     1.000000000000
Adsorbate-atom-scaling:  89 0     1.000000000000
Adsorbate-atom-scaling:  90 0     1.000000000000
Adsorbate-atom-scaling:  91 0     1.000000000000
Adsorbate-atom-scaling:  92 0     1.000000000000
Adsorbate-atom-scaling:  93 0     1.000000000000
Adsorbate-atom-scaling:  94 0     1.000000000000
Adsorbate-atom-scaling:  95 0     1.000000000000
Adsorbate-atom-scaling:  96 0     1.000000000000
Adsorbate-atom-scaling:  97 0     1.000000000000
Adsorbate-atom-scaling:  98 0     1.000000000000
Adsorbate-atom-scaling:  99 0     1.000000000000
Adsorbate-atom-scaling:  100 0     1.000000000000
Adsorbate-atom-scaling:  101 0     1.000000000000
Adsorbate-atom-scaling:  102 0     1.000000000000
Adsorbate-atom-scaling:  103 0     1.000000000000
Adsorbate-atom-scaling:  104 0     1.000000000000
Adsorbate-atom-scaling:  105 0     1.000000000000
Adsorbate-atom-scaling:  106 0     1.000000000000
Adsorbate-atom-scaling:  107 0     1.000000000000
Adsorbate-atom-scaling:  108 0     1.000000000000
Adsorbate-atom-scaling:  109 0     1.000000000000
Adsorbate-atom-scaling:  110 0     1.000000000000
Adsorbate-atom-scaling:  111 0     1.000000000000
Adsorbate-atom-scaling:  112 0     1.000000000000
Adsorbate-atom-scaling:  113 0     1.000000000000
Adsorbate-atom-scaling:  114 0     1.000000000000
Adsorbate-atom-scaling:  115 0     1.000000000000
Adsorbate-atom-scaling:  116 0     1.000000000000
Adsorbate-atom-scaling:  117 0     1.000000000000
Adsorbate-atom-scaling:  118 0     1.000000000000
Adsorbate-atom-scaling:  119 0     1.000000000000
Adsorbate-atom-scaling:  120 0     1.000000000000
Adsorbate-atom-scaling:  121 0     1.000000000000
Adsorbate-atom-scaling:  122 0     1.000000000000
Adsorbate-atom-scaling:  123 0     1.000000000000
Adsorbate-atom-scaling:  124 0     1.000000000000
Adsorbate-atom-scaling:  125 0     1.000000000000
Adsorbate-atom-scaling:  126 0     1.000000000000
Adsorbate-atom-scaling:  127 0     1.000000000000
Adsorbate-atom-scaling:  128 0     1.000000000000
Adsorbate-atom-scaling:  129 0     1.000000000000
Adsorbate-atom-scaling:  130 0     1.000000000000
Adsorbate-atom-scaling:  131 0     1.000000000000
Adsorbate-atom-scaling:  132 0     1.000000000000
Adsorbate-atom-scaling:  133 0     1.000000000000
Adsorbate-atom-scaling:  134 0     1.000000000000
Adsorbate-atom-scaling:  135 0     1.000000000000
Adsorbate-atom-scaling:  136 0     1.000000000000
Adsorbate-atom-fixed:    0 0       0 0 0
Adsorbate-atom-fixed:    1 0       0 0 0
Adsorbate-atom-fixed:    2 0       0 0 0
Adsorbate-atom-fixed:    3 0       0 0 0
Adsorbate-atom-fixed:    4 0       0 0 0
Adsorbate-atom-fixed:    5 0       0 0 0
Adsorbate-atom-fixed:    6 0       0 0 0
Adsorbate-atom-fixed:    7 0       0 0 0
Adsorbate-atom-fixed:    8 0       0 0 0
Adsorbate-atom-fixed:    9 0       0 0 0
Adsorbate-atom-fixed:    10 0       0 0 0
Adsorbate-atom-fixed:    11 0       0 0 0
Adsorbate-atom-fixed:    12 0       0 0 0
Adsorbate-atom-fixed:    13 0       0 0 0
Adsorbate-atom-fixed:    14 0       0 0 0
Adsorbate-atom-fixed:    15 0       0 0 0
Adsorbate-atom-fixed:    16 0       0 0 0
Adsorbate-atom-fixed:    17 0       0 0 0
Adsorbate-atom-fixed:    18 0       0 0 0
Adsorbate-atom-fixed:    19 0       0 0 0
Adsorbate-atom-fixed:    20 0       0 0 0
Adsorbate-atom-fixed:    21 0       0 0 0
Adsorbate-atom-fixed:    22 0       0 0 0
Adsorbate-atom-fixed:    23 0       0 0 0
Adsorbate-atom-fixed:    24 0       0 0 0
Adsorbate-atom-fixed:    25 0       0 0 0
Adsorbate-atom-fixed:    26 0       0 0 0
Adsorbate-atom-fixed:    27 0       0 0 0
Adsorbate-atom-fixed:    28 0       0 0 0
Adsorbate-atom-fixed:    29 0       0 0 0
Adsorbate-atom-fixed:    30 0       0 0 0
Adsorbate-atom-fixed:    31 0       0 0 0
Adsorbate-atom-fixed:    32 0       0 0 0
Adsorbate-atom-fixed:    33 0       0 0 0
Adsorbate-atom-fixed:    34 0       0 0 0
Adsorbate-atom-fixed:    35 0       0 0 0
Adsorbate-atom-fixed:    36 0       0 0 0
Adsorbate-atom-fixed:    37 0       0 0 0
Adsorbate-atom-fixed:    38 0       0 0 0
Adsorbate-atom-fixed:    39 0       0 0 0
Adsorbate-atom-fixed:    40 0       0 0 0
Adsorbate-atom-fixed:    41 0       0 0 0
Adsorbate-atom-fixed:    42 0       0 0 0
Adsorbate-atom-fixed:    43 0       0 0 0
Adsorbate-atom-fixed:    44 0       0 0 0
Adsorbate-atom-fixed:    45 0       0 0 0
Adsorbate-atom-fixed:    46 0       0 0 0
Adsorbate-atom-fixed:    47 0       0 0 0
Adsorbate-atom-fixed:    48 0       0 0 0
Adsorbate-atom-fixed:    49 0       0 0 0
Adsorbate-atom-fixed:    50 0       0 0 0
Adsorbate-atom-fixed:    51 0       0 0 0
Adsorbate-atom-fixed:    52 0       0 0 0
Adsorbate-atom-fixed:    53 0       0 0 0
Adsorbate-atom-fixed:    54 0       0 0 0
Adsorbate-atom-fixed:    55 0       0 0 0
Adsorbate-atom-fixed:    56 0       0 0 0
Adsorbate-atom-fixed:    57 0       0 0 0
Adsorbate-atom-fixed:    58 0       0 0 0
Adsorbate-atom-fixed:    59 0       0 0 0
Adsorbate-atom-fixed:    60 0       0 0 0
Adsorbate-atom-fixed:    61 0       0 0 0
Adsorbate-atom-fixed:    62 0       0 0 0
Adsorbate-atom-fixed:    63 0       0 0 0
Adsorbate-atom-fixed:    64 0       0 0 0
Adsorbate-atom-fixed:    65 0       0 0 0
Adsorbate-atom-fixed:    66 0       0 0 0
Adsorbate-atom-fixed:    67 0       0 0 0
Adsorbate-atom-fixed:    68 0       0 0 0
Adsorbate-atom-fixed:    69 0       0 0 0
Adsorbate-atom-fixed:    70 0       0 0 0
Adsorbate-atom-fixed:    71 0       0 0 0
Adsorbate-atom-fixed:    72 0       0 0 0
Adsorbate-atom-fixed:    73 0       0 0 0
Adsorbate-atom-fixed:    74 0       0 0 0
Adsorbate-atom-fixed:    75 0       0 0 0
Adsorbate-atom-fixed:    76 0       0 0 0
Adsorbate-atom-fixed:    77 0       0 0 0
Adsorbate-atom-fixed:    78 0       0 0 0
Adsorbate-atom-fixed:    79 0       0 0 0
Adsorbate-atom-fixed:    80 0       0 0 0
Adsorbate-atom-fixed:    81 0       0 0 0
Adsorbate-atom-fixed:    82 0       0 0 0
Adsorbate-atom-fixed:    83 0       0 0 0
Adsorbate-atom-fixed:    84 0       0 0 0
Adsorbate-atom-fixed:    85 0       0 0 0
Adsorbate-atom-fixed:    86 0       0 0 0
Adsorbate-atom-fixed:    87 0       0 0 0
Adsorbate-atom-fixed:    88 0       0 0 0
Adsorbate-atom-fixed:    89 0       0 0 0
Adsorbate-atom-fixed:    90 0       0 0 0
Adsorbate-atom-fixed:    91 0       0 0 0
Adsorbate-atom-fixed:    92 0       0 0 0
Adsorbate-atom-fixed:    93 0       0 0 0
Adsorbate-atom-fixed:    94 0       0 0 0
Adsorbate-atom-fixed:    95 0       0 0 0
Adsorbate-atom-fixed:    96 0       0 0 0
Adsorbate-atom-fixed:    97 0       0 0 0
Adsorbate-atom-fixed:    98 0       0 0 0
Adsorbate-atom-fixed:    99 0       0 0 0
Adsorbate-atom-fixed:    100 0       0 0 0
Adsorbate-atom-fixed:    101 0       0 0 0
Adsorbate-atom-fixed:    102 0       0 0 0
Adsorbate-atom-fixed:    103 0       0 0 0
Adsorbate-atom-fixed:    104 0       0 0 0
Adsorbate-atom-fixed:    105 0       0 0 0
Adsorbate-atom-fixed:    106 0       0 0 0
Adsorbate-atom-fixed:    107 0       0 0 0
Adsorbate-atom-fixed:    108 0       0 0 0
Adsorbate-atom-fixed:    109 0       0 0 0
Adsorbate-atom-fixed:    110 0       0 0 0
Adsorbate-atom-fixed:    111 0       0 0 0
Adsorbate-atom-fixed:    112 0       0 0 0
Adsorbate-atom-fixed:    113 0       0 0 0
Adsorbate-atom-fixed:    114 0       0 0 0
Adsorbate-atom-fixed:    115 0       0 0 0
Adsorbate-atom-fixed:    116 0       0 0 0
Adsorbate-atom-fixed:    117 0       0 0 0
Adsorbate-atom-fixed:    118 0       0 0 0
Adsorbate-atom-fixed:    119 0       0 0 0
Adsorbate-atom-fixed:    120 0       0 0 0
Adsorbate-atom-fixed:    121 0       0 0 0
Adsorbate-atom-fixed:    122 0       0 0 0
Adsorbate-atom-fixed:    123 0       0 0 0
Adsorbate-atom-fixed:    124 0       0 0 0
Adsorbate-atom-fixed:    125 0       0 0 0
Adsorbate-atom-fixed:    126 0       0 0 0
Adsorbate-atom-fixed:    127 0       0 0 0
Adsorbate-atom-fixed:    128 0       0 0 0
Adsorbate-atom-fixed:    129 0       0 0 0
Adsorbate-atom-fixed:    130 0       0 0 0
Adsorbate-atom-fixed:    131 0       0 0 0
Adsorbate-atom-fixed:    132 0       0 0 0
Adsorbate-atom-fixed:    133 0       0 0 0
Adsorbate-atom-fixed:    134 0       0 0 0
Adsorbate-atom-fixed:    135 0       0 0 0
Adsorbate-atom-fixed:    136 0       0 0 0


